Realisation number,Variable,Time,State variable,Smoothing,Residuals,Standard deviation,Variance,Lag-1 AC,Lag-2 AC,Lag-3 AC,Coefficient of variation,Skewness,Kurtosis,AIC fold,AIC hopf,AIC null,Coherence factor,Params fold,Params hopf,Params null,Smax
1,x,0.0,0.03799642432097916,-0.00010276729892819798,0.03809919161990736,,,,,,,,,,,,,,,,
1,x,1.0,0.00709438425397527,-0.00010408773391115504,0.007198471987886425,,,,,,,,,,,,,,,,
1,x,2.0,0.0385677643295143,-0.00010706979128592567,0.03867483412080023,,,,,,,,,,,,,,,,
1,x,3.0,0.040869876170778294,-0.0001111655681965163,0.04098104173897481,,,,,,,,,,,,,,,,
1,x,4.0,0.03836662478506292,-0.00011696398850821331,0.03848358877357113,,,,,,,,,,,,,,,,
1,x,5.0,0.013120230843221635,-0.00012415822788845488,0.01324438907111009,,,,,,,,,,,,,,,,
1,x,6.0,-0.010482722935755046,-0.00013231394144068952,-0.010350408994314357,,,,,,,,,,,,,,,,
1,x,7.0,-0.011743327991235494,-0.0001420628911416752,-0.01160126510009382,,,,,,,,,,,,,,,,
1,x,8.0,0.020325819829066713,-0.00015300130908644195,0.020478821138153153,,,,,,,,,,,,,,,,
1,x,9.0,-0.012491174248224862,-0.00016464904234179213,-0.012326525205883069,,,,,,,,,,,,,,,,
1,x,10.0,0.012886908495612056,-0.0001777518754863007,0.013064660371098356,,,,,,,,,,,,,,,,
1,x,11.0,0.0048873391556486494,-0.00019189100354536005,0.005079230159194009,,,,,,,,,,,,,,,,
1,x,12.0,-0.014983273410072844,-0.00020709538457466947,-0.014776178025498174,,,,,,,,,,,,,,,,
1,x,13.0,-0.018653161772233414,-0.00022287021645333107,-0.018430291555780083,,,,,,,,,,,,,,,,
1,x,14.0,0.009126501249592836,-0.0002395376662066941,0.00936603891579953,,,,,,,,,,,,,,,,
1,x,15.0,-0.00730661228764424,-0.000257348379531353,-0.007049263908112887,,,,,,,,,,,,,,,,
1,x,16.0,-0.01384269462702599,-0.00027557968670201673,-0.013567114940323973,,,,,,,,,,,,,,,,
1,x,17.0,0.018587076148100456,-0.00029385274949008614,0.018880928897590542,,,,,,,,,,,,,,,,
1,x,18.0,-0.023088478969061077,-0.00031307674687441786,-0.022775402222186658,,,,,,,,,,,,,,,,
1,x,19.0,0.017652311104795003,-0.00033192348153989,0.017984234586334892,,,,,,,,,,,,,,,,
1,x,20.0,-0.03764636151975432,-0.00035140129908943095,-0.03729496022066489,,,,,,,,,,,,,,,,
1,x,21.0,-0.0035685204481913464,-0.0003706080534246762,-0.00319791239476667,,,,,,,,,,,,,,,,
1,x,22.0,0.036660466252537605,-0.0003893733958765101,0.037049839648414115,,,,,,,,,,,,,,,,
1,x,23.0,-0.067111460055735,-0.000408366840305489,-0.06670309321542951,,,,,,,,,,,,,,,,
1,x,24.0,-0.07073303147631856,-0.0004270560212366513,-0.07030597545508191,,,,,,,,,,,,,,,,
1,x,25.0,-0.012447238894494249,-0.00044547465253776174,-0.012001764241956488,,,,,,,,,,,,,,,,
1,x,26.0,0.01608426348171058,-0.000463241325973469,0.01654750480768405,,,,,,,,,,,,,,,,
1,x,27.0,-0.06262371010032722,-0.0004802813485977553,-0.062143428751729464,,,,,,,,,,,,,,,,
1,x,28.0,0.011743546397657874,-0.0004964539100802479,0.012240000307738122,,,,,,,,,,,,,,,,
1,x,29.0,0.013559765126679078,-0.0005124758916270002,0.014072241018306078,,,,,,,,,,,,,,,,
1,x,30.0,-0.04151271912544034,-0.0005273759250469703,-0.04098534320039337,,,,,,,,,,,,,,,,
1,x,31.0,-0.03696147257713492,-0.0005410132668495063,-0.03642045931028541,,,,,,,,,,,,,,,,
1,x,32.0,0.031051439028160963,-0.0005537978441604136,0.03160523687232138,,,,,,,,,,,,,,,,
1,x,33.0,-0.040834652362886574,-0.0005651596793782479,-0.04026949268350832,,,,,,,,,,,,,,,,
1,x,34.0,0.0005234362275745204,-0.000575197621960122,0.0010986338495346424,,,,,,,,,,,,,,,,
1,x,35.0,0.03401349950031562,-0.0005840124481150764,0.03459751194843069,,,,,,,,,,,,,,,,
1,x,36.0,0.03778290005918036,-0.0005911017219657664,0.03837400178114613,,,,,,,,,,,,,,,,
1,x,37.0,0.009928890709108006,-0.0005973733446161477,0.010526264053724154,,,,,,,,,,,,,,,,
1,x,38.0,-0.06015040132093849,-0.0006020802808108985,-0.05954832104012759,,,,,,,,,,,,,,,,
1,x,39.0,0.004547587346980983,-0.0006049205670584134,0.005152507914039396,,,,,,,,,,,,,,,,
1,x,40.0,0.056366347831553525,-0.000606285939599503,0.056972633771153025,,,,,,,,,,,,,,,,
1,x,41.0,-0.014064722781672,-0.0006060795433654067,-0.013458643238306593,,,,,,,,,,,,,,,,
1,x,42.0,-0.022234600801285857,-0.0006045240830165105,-0.02163007671826935,,,,,,,,,,,,,,,,
1,x,43.0,0.016535850637690107,-0.0006004720055503615,0.017136322643240467,,,,,,,,,,,,,,,,
1,x,44.0,0.006298945342455993,-0.0005949120254768197,0.0068938573679328125,,,,,,,,,,,,,,,,
1,x,45.0,-0.008258218786979679,-0.0005880070405202637,-0.007670211746459415,,,,,,,,,,,,,,,,
1,x,46.0,0.04242087264144833,-0.0005786746531883558,0.04299954729463669,,,,,,,,,,,,,,,,
1,x,47.0,-0.06242883743953613,-0.0005679869055682826,-0.06186085053396785,,,,,,,,,,,,,,,,
1,x,48.0,0.04993157530373556,-0.0005551409309814638,0.050486716234717025,,,,,,,,,,,,,,,,
1,x,49.0,-0.0014110336759642125,-0.000540983745131007,-0.0008700499308332055,,,,,,,,,,,,,,,,
1,x,50.0,0.009215948492090207,-0.0005248406494125353,0.009740789141502742,,,,,,,,,,,,,,,,
1,x,51.0,-0.007917856051545344,-0.0005065842743770879,-0.007411271777168256,,,,,,,,,,,,,,,,
1,x,52.0,0.020829575471397733,-0.0004869286010188321,0.021316504072416566,,,,,,,,,,,,,,,,
1,x,53.0,-0.008189743173466433,-0.0004655073745901421,-0.007724235798876291,,,,,,,,,,,,,,,,
1,x,54.0,0.0331567034527726,-0.0004419185055288725,0.033598621958301475,,,,,,,,,,,,,,,,
1,x,55.0,0.010524510556367416,-0.0004169964016750031,0.01094150695804242,,,,,,,,,,,,,,,,
1,x,56.0,-0.011181469484587672,-0.00039083528551559394,-0.010790634199072077,,,,,,,,,,,,,,,,
1,x,57.0,-0.024481688358118005,-0.0003624872742231097,-0.024119201083894894,,,,,,,,,,,,,,,,
1,x,58.0,-0.04215290468659476,-0.00033286559275652237,-0.04182003909383824,,,,,,,,,,,,,,,,
1,x,59.0,-0.06474356846651363,-0.00030129229022561626,-0.06444227617628802,,,,,,,,,,,,,,,,
1,x,60.0,0.04344678246993606,-0.0002685356741932935,0.04371531814412935,,,,,,,,,,,,,,,,
1,x,61.0,-0.02416251384014176,-0.00023465105944711043,-0.02392786278069465,,,,,,,,,,,,,,,,
1,x,62.0,0.01382398637480563,-0.00019876306643672756,0.014022749441242356,,,,,,,,,,,,,,,,
1,x,63.0,0.022373337641778138,-0.00016148497423949598,0.022534822616017632,,,,,,,,,,,,,,,,
1,x,64.0,0.030165376463810747,-0.0001237646447639117,0.03028914110857466,,,,,,,,,,,,,,,,
1,x,65.0,0.031395219868860284,-8.420644852017442e-05,0.03147942631738046,,,,,,,,,,,,,,,,
1,x,66.0,-0.0535835136029423,-4.3368604063347474e-05,-0.05354014499887895,,,,,,,,,,,,,,,,
1,x,67.0,-0.042998058187338685,-1.0984977451145971e-06,-0.04299695968959357,,,,,,,,,,,,,,,,
1,x,68.0,-0.02885943891466698,4.1942390555855125e-05,-0.028901381305222833,,,,,,,,,,,,,,,,
1,x,69.0,-0.02520193114048922,8.565106026007174e-05,-0.02528758220074929,,,,,,,,,,,,,,,,
1,x,70.0,0.09191567836676265,0.00013009665504875532,0.09178558171171389,,,,,,,,,,,,,,,,
1,x,71.0,0.011261824381499612,0.00017566798476190658,0.011086156396737705,,,,,,,,,,,,,,,,
1,x,72.0,-0.01370022709389543,0.0002221764186772175,-0.013922403512572647,,,,,,,,,,,,,,,,
1,x,73.0,0.03373981449961938,0.0002694391104506443,0.033470375389168736,,,,,,,,,,,,,,,,
1,x,74.0,0.004583714331603128,0.00031733121735455613,0.004266383114248572,,,,,,,,,,,,,,,,
1,x,75.0,-0.07546843227053286,0.0003661003785830091,-0.07583453264911587,,,,,,,,,,,,,,,,
1,x,76.0,0.0386948101461461,0.000414996046556948,0.03827981409958915,,,,,,,,,,,,,,,,
1,x,77.0,0.010586601867462488,0.0004648475111747916,0.010121754356287697,,,,,,,,,,,,,,,,
1,x,78.0,-0.014140596076917068,0.0005146824770540652,-0.014655278553971134,,,,,,,,,,,,,,,,
1,x,79.0,0.018721491247119432,0.000564614802988845,0.01815687644413059,,,,,,,,,,,,,,,,
1,x,80.0,-0.027927803500613066,0.0006149553386995702,-0.028542758839312635,,,,,,,,,,,,,,,,
1,x,81.0,0.02951238939137919,0.0006660478417020876,0.028846341549677103,,,,,,,,,,,,,,,,
1,x,82.0,0.07473580392575749,0.000716794606860966,0.07401900931889652,,,,,,,,,,,,,,,,
1,x,83.0,-0.08423106996083059,0.0007678663484648996,-0.08499893630929549,,,,,,,,,,,,,,,,
1,x,84.0,0.010051864451205483,0.0008187547259364593,0.009233109725269023,,,,,,,,,,,,,,,,
1,x,85.0,0.07190853419655117,0.0008695633587376807,0.07103897083781349,,,,,,,,,,,,,,,,
1,x,86.0,-0.07894227024775709,0.0009202465321344971,-0.07986251677989159,,,,,,,,,,,,,,,,
1,x,87.0,0.008744533335390362,0.0009710477155456425,0.007773485619844719,,,,,,,,,,,,,,,,
1,x,88.0,-0.025336422522812922,0.0010213388809871557,-0.026357761403800077,,,,,,,,,,,,,,,,
1,x,89.0,0.035039499456437945,0.0010716652978211669,0.033967834158616775,,,,,,,,,,,,,,,,
1,x,90.0,-0.0753382996013357,0.0011210755630390685,-0.07645937516437477,,,,,,,,,,,,,,,,
1,x,91.0,-0.004490014699369225,0.001170048190637664,-0.00566006289000689,,,,,,,,,,,,,,,,
1,x,92.0,0.05360397089814459,0.0012185701008823422,0.05238540079726225,,,,,,,,,,,,,,,,
1,x,93.0,-0.03047672234703007,0.001266808999260838,-0.031743531346290904,,,,,,,,,,,,,,,,
1,x,94.0,0.09690050794817766,0.0013141032847331876,0.09558640466344447,,,,,,,,,,,,,,,,
1,x,95.0,-0.04069779336470848,0.0013606009791148265,-0.04205839434382331,,,,,,,,,,,,,,,,
1,x,96.0,-0.0486198287661145,0.001406172146437564,-0.05002600091255206,,,,,,,,,,,,,,,,
1,x,97.0,0.0672369387104689,0.0014510387509072279,0.06578589995956168,,,,,,,,,,,,,,,,
1,x,98.0,-0.042551665339222534,0.0014950811589386703,-0.044046746498161204,,,,,,,,,,,,,,,,
1,x,99.0,-0.03785187713629843,0.0015374370476531308,-0.039389314183951564,0.03850838476114105,0.0014828956969120805,-0.21994385065291344,-0.14200889738621328,0.2473318478870432,-43.40240920697244,-0.04089212183961367,-0.20127019703760574,5.301834011768786e-11,0.9999999127591283,8.718785359594804e-08,0.000458457955043951,"{'sigma': 0.062199448939523685, 'lam': -3.1415924155612864}","{'sigma': 0.01881841051366817, 'mu': -0.4889002670164345, 'w0': 2.1164427978115854, 'delta': 1.0431046137959754e-08, 'psi': 0.1}",{'sigma': 0.018286382061218964},0.00013098798715541448
1,x,100.0,-0.014916070041193427,0.0015787834917493243,-0.016494853532942753,0.03833665271781016,0.001469698941605981,-0.21816728293325316,-0.1488185158990255,0.22771840516294295,-27.066917621119636,-0.009385005169593225,-0.1621412433740136,,,,,,,,
1,x,101.0,0.018668735521795647,0.0016200332000099328,0.017048702321785715,0.03837170134582752,0.0014723874641733817,-0.22335664596406554,-0.156453093446328,0.21908298010060748,-29.502574087859713,-0.016182834108595664,-0.17215362958742142,,,,,,,,
1,x,102.0,0.002175579167763363,0.0016590825183931096,0.0005164966493702535,0.038158922582076635,0.0014561033726249182,-0.23754531008928598,-0.17002848796183725,0.2140555371088289,-22.92455023177586,0.00227559237532534,-0.11997356185717313,,,,,,,,
1,x,103.0,0.017643332588153777,0.001697179312485871,0.015946153275667906,0.03795754094711719,0.001440774914752078,-0.25222970638059344,-0.1731648774764115,0.2155493051970817,-20.011256900315566,0.00886796174697981,-0.07309268360109504,,,,,,,,
1,x,104.0,0.10679309218057904,0.001734285193291578,0.10505880698728746,0.03923652918701399,0.0015395052226434003,-0.23481952528140493,-0.1630826695894799,0.2253260414579018,-32.35882943281065,0.15398717990997893,0.12131701941279865,,,,,,,,
1,x,105.0,0.012813594355195242,0.0017698033826359563,0.011043790972559286,0.039228903676402374,0.001538906883652456,-0.21634902163488337,-0.16033434264043425,0.22365482104925372,-32.27093167814063,0.15558993332342674,0.12408093377791062,,,,,,,,
1,x,106.0,-0.09351125619673306,0.0018034232931641498,-0.0953146794898972,0.04033095964705786,0.0016265863060526092,-0.218371793596401,-0.21311205149997267,0.20523622581551484,-19.71309908045428,0.07734367039450084,0.107068648271903,,,,,,,,
1,x,107.0,0.003917409963735231,0.0018355989934369563,0.0020818109702982744,0.040321868184955874,0.001625853053924957,-0.21381221099429043,-0.21346588168902808,0.20150442818843256,-21.342349658179373,0.06715160177183184,0.10890260244240324,,,,,,,,
1,x,108.0,-0.0006701512241318365,0.001866543732912737,-0.0025366949570445737,0.04025767569097071,0.0016206804520393742,-0.21279067615890399,-0.20999373124057474,0.20069910862502047,-19.177181781309518,0.08317103275150332,0.13009597825692404,,,,,,,,
1,x,109.0,-0.029713342235486575,0.0018955421155741991,-0.031608884351060774,0.040352403143487765,0.0016283164394545612,-0.21142068345155804,-0.2098381330454895,0.2109547631488993,-17.764881225957367,0.09341243444405907,0.10460818046803783,,,,,,,,
1,x,110.0,0.011497320281889023,0.0019234887884820588,0.009573831493406964,0.04034034399311672,0.0016273433534829886,-0.21390336046313133,-0.2088508243535427,0.21302533606364474,-17.651587422712545,0.09583130958713508,0.1086236632404904,,,,,,,,
1,x,111.0,0.012352186050878204,0.0019490632620759942,0.01040312278880221,0.04035395390634628,0.0016284415958755202,-0.21227695728721097,-0.209939359059182,0.21249123714320542,-18.25377818519266,0.09196419304923978,0.10388886218140538,,,,,,,,
1,x,112.0,-0.06289469733160505,0.001972506014705537,-0.06486720334631059,0.04081681998457775,0.0016660127936534257,-0.2160335131651515,-0.21129898395233643,0.2203449058555614,-15.174486026171719,0.0898549356075821,0.02357675937723412,,,,,,,,
1,x,113.0,0.042487241159644897,0.001995066600137048,0.04049217455950785,0.041015820264307175,0.001682297511953951,-0.22761591626890396,-0.20726903151541076,0.22135738360343604,-19.734057849398713,0.0573700371220554,-0.02793778898848855,,,,,,,,
1,x,114.0,0.09062000454799954,0.002015349837132249,0.08860465471086729,0.04199818976369591,0.0017638479434274122,-0.19779407638293675,-0.23259198165353495,0.22176174979598187,-33.23974703408311,0.10016148877949661,-0.07888685643966464,,,,,,,,
1,x,115.0,-0.022776267741142404,0.0020329812766137277,-0.024809249017756132,0.04205913273437604,0.0017689706463678621,-0.2052807696775837,-0.23657070677824638,0.22706853419769923,-29.65691769343079,0.11093572723140653,-0.09348326153675048,,,,,,,,
1,x,116.0,0.06283820327249456,0.0020497522384362826,0.060788451034058284,0.042502854189531196,0.0018064926142565493,-0.2098560377967271,-0.19828637956648823,0.24047667270269343,-65.25041079390608,0.08697893440357556,-0.1748770845460114,,,,,,,,
1,x,117.0,-0.06151486783055193,0.002064071377242782,-0.06357893920779471,0.04291125344241558,0.0018413756719992229,-0.22491663841709347,-0.19042669348085858,0.20574868616299544,-29.545064138458372,0.11035485725743469,-0.2298594632304175,,,,,,,,
1,x,118.0,0.06686761845291103,0.002075734596310133,0.0647918838566009,0.04337035134808426,0.0018809873760562738,-0.2405126205705954,-0.16858640075428083,0.19448592156800665,-78.45022375609733,0.08357902306545924,-0.29967061069737144,,,,,,,,
1,x,119.0,0.03780020106613004,0.0020860026639733277,0.03571419840215671,0.04348460882676825,0.0018909112048170512,-0.22111811232748912,-0.17837647871478032,0.20109763775936035,-123.7607685259285,0.07576597363510224,-0.32527115459336525,1.8544945278284555e-13,0.9999999998146891,1.8512548035144168e-10,0.00017718513553836583,"{'sigma': 0.06957639687692062, 'lam': -3.1415926522860325}","{'sigma': 0.021356217699048496, 'mu': -0.48952922162125556, 'w0': 2.1191655240576295, 'delta': 5.143823145203896e-10, 'psi': 0.1}",{'sigma': 0.020462824731986747},0.00014174810843069267
1,x,120.0,-0.0061876586828248205,0.0020941974285220957,-0.008281856111346917,0.04333497070794113,0.0018779196862581155,-0.2231748484960425,-0.1729394141934102,0.19150722638589093,-1178.439730535119,0.06217676929030694,-0.29426983059749817,,,,,,,,
1,x,121.0,0.008604507567694514,0.00209957922197221,0.006504928345722303,0.04333968185990822,0.0018783280237180573,-0.2237054405869683,-0.17396286542484765,0.1933618302881861,510.136049195157,0.0553487096429907,-0.29602757746521896,,,,,,,,
1,x,122.0,0.006452404008980743,0.0021035875860967524,0.004348816422883991,0.04317746726525762,0.0018642936794423931,-0.21336426188328775,-0.16244723388763774,0.19690907756116968,-198.8613106550999,0.0724582287561531,-0.2578966180951999,,,,,,,,
1,x,123.0,-0.03842949600423283,0.0021053175364163105,-0.04053481354064914,0.04285152398770516,0.0018362531080688713,-0.24518328316970164,-0.169935096592521,0.2062142788547457,614.8336828156464,0.08480565555756894,-0.22540833160672522,,,,,,,,
1,x,124.0,0.037518165202623674,0.0021039213240975504,0.035414243878526125,0.04241246865902999,0.0017988174977532012,-0.25968614326120165,-0.16462805871308647,0.18656872240538547,36.80972997372676,0.06343611109915889,-0.18886599170867294,,,,,,,,
1,x,125.0,-0.0945661341299682,0.002101315708334625,-0.09666744983830282,0.04349796437621375,0.0018920729048743604,-0.2699379017023279,-0.14363094262901047,0.1806746922588894,131.40619213773041,0.0033614797009441483,-0.20185723612617806,,,,,,,,
1,x,126.0,0.015580165845345538,0.002096390539219321,0.013483775306126218,0.04348710134140921,0.0018911279830779943,-0.26747726953448475,-0.14173255605962315,0.17564550720071878,133.4049532560826,0.005251823046528993,-0.19908677320101698,,,,,,,,
1,x,127.0,-0.005237773899685284,0.002088970437493508,-0.0073267443371787914,0.04304246460488669,0.001852653759262924,-0.2667080453383525,-0.13092348221306124,0.1617346525745535,47.83359606659,-0.002995644305223114,-0.12434222484983838,,,,,,,,
1,x,128.0,-0.0020949458029779476,0.002079583201504374,-0.004174529004482321,0.04302769620238567,0.0018513826404847943,-0.26764045204097936,-0.12912118475896356,0.1630693231033807,56.50738620019468,0.008446802090996457,-0.1202856217001584,,,,,,,,
1,x,129.0,0.03338055214746118,0.0020680191773635287,0.03131253297009765,0.04311861794371978,0.0018592152133764732,-0.2658716511466243,-0.12773453417679462,0.1629630826773091,44.93111807121153,-0.0002927593050869674,-0.14255542542504054,,,,,,,,
1,x,130.0,0.011506054102891603,0.002054046601214803,0.0094520075016768,0.0429254898344542,0.0018425976775278304,-0.2744357318228233,-0.1218562227583602,0.15462100631662737,28.811988853330643,-0.027004010704609026,-0.09780715791191867,,,,,,,,
1,x,131.0,-0.013588584256612956,0.0020380597016105605,-0.015626643958223517,0.042793556389520516,0.0018312884684630725,-0.27038358546701735,-0.13384342933493446,0.15550416883762977,24.82833910814596,-0.035933113113455255,-0.06602649290062053,,,,,,,,
1,x,132.0,-0.005136966267867254,0.0020201271622877293,-0.0071570934301549835,0.042688980752296594,0.0018223490776699493,-0.26434692619358174,-0.13453350968164904,0.14879275110506113,31.349929603924256,-0.01226998952736052,-0.04006539992043154,,,,,,,,
1,x,133.0,-0.033856353616736806,0.0019992478090146786,-0.035855601425751484,0.04264854384723826,0.0018188982922898046,-0.2628538731994267,-0.12377719457797079,0.15665931613155473,29.793404299687015,-0.012838325073202182,-0.031746063506521635,,,,,,,,
1,x,134.0,0.031159020720670855,0.0019770457673923174,0.02918197495327854,0.04274382570508608,0.0018270346359067777,-0.26798915352005004,-0.12530651390053912,0.15346484252910997,24.59606509479794,-0.02980288068569668,-0.056283176328158775,,,,,,,,
1,x,135.0,0.0009350150752382259,0.0019528520460754405,-0.0010178369708372147,0.04260871002458298,0.0018155021699589986,-0.2767549454833253,-0.12701077561863652,0.16704371054713454,30.282363957736834,-0.009580361063880428,-0.022537255113269358,,,,,,,,
1,x,136.0,-0.027305453053758953,0.0019261324089183394,-0.029231585462677293,0.042539323236081804,0.0018095940213838494,-0.2792975428458477,-0.1201429004307847,0.17180085934909767,56.25678011704191,0.02825224504725376,-0.006289121579487326,,,,,,,,
1,x,137.0,0.05097069062687383,0.0018974959871835904,0.04907319463969024,0.042810301777943226,0.001832721938318569,-0.28411564602257755,-0.11997269939077136,0.17653763097479316,36.6972235927659,0.015610412336368548,-0.06617776166087712,,,,,,,,
1,x,138.0,-0.010280788141682195,0.0018672179791264045,-0.012148006120808599,0.042401498490291796,0.0017978870742222173,-0.2870509886388525,-0.10052507052486653,0.17374515500976684,25.462119910366,0.010556331758012584,0.008470137527678615,,,,,,,,
1,x,139.0,0.001937908032931457,0.00183478266301167,0.000103125369919787,0.042399229455649765,0.001797694658432839,-0.2909103519782606,-0.09959919395946197,0.17419075458265987,25.866108677193683,0.014192235696132352,0.009194249841217762,5.678194473965534e-11,0.9999998863387285,1.1360448958942295e-07,0.0005415533936698532,"{'sigma': 0.07317974023971492, 'lam': -3.1415922031303887}","{'sigma': 0.023971353201392986, 'mu': -0.5248515789880221, 'w0': 2.2720755505078847, 'delta': 9.266369449534295e-09, 'psi': 0.1}",{'sigma': 0.021779057746789315},0.00021662135746794116
1,x,140.0,0.06314502284692183,0.0018007461243777008,0.06134427672254413,0.04246002953343101,0.0018028541079798334,-0.2862951181335784,-0.09675057829363767,0.18443050744732256,24.87453778294997,0.017013737536563194,0.002924899549700074,,,,,,,,
1,x,141.0,-0.02859480972104841,0.0017652937252417111,-0.030360103446290122,0.04255074108383381,0.0018105655667834627,-0.29549435513320665,-0.09533001112117163,0.1866352569314786,27.247005284298936,0.025417025425329903,-0.02013505921148834,,,,,,,,
1,x,142.0,0.003360708164780613,0.001727942631081139,0.0016327655336994742,0.04249157839654403,0.0018055342346296474,-0.2934198083412411,-0.09335354698892,0.18589110218320032,23.377594378139975,0.010238145620838432,-0.004212034858510744,,,,,,,,
1,x,143.0,0.022981236457160013,0.0016888001472902376,0.021292436309869777,0.042509723750664224,0.0018070766133577863,-0.29378665221637934,-0.09590526826524326,0.18797246003124116,22.586641912964918,0.007800358398183608,-0.009176319293959333,,,,,,,,
1,x,144.0,0.05303553494334219,0.001648153346299595,0.0513873815970426,0.04280528339407153,0.001832292286446776,-0.28543833691878656,-0.09689708591740237,0.1815557472567228,18.21935930816617,-0.007262623848482349,-0.07302455361497559,,,,,,,,
1,x,145.0,-0.02969968749794016,0.001606194302479178,-0.031305881800419336,0.04292046986974873,0.0018421667338400084,-0.2910133096828498,-0.10433035051655805,0.18444089810777842,20.10303043761961,0.005224877264874074,-0.10182952941250627,,,,,,,,
1,x,146.0,-0.015948174382493612,0.0015628749573261237,-0.017511049339819736,0.042749625080781714,0.0018275304445474012,-0.2764857640252368,-0.12176484349762981,0.18321038933597855,27.55667971576034,0.0380517122928669,-0.06230400471829062,,,,,,,,
1,x,147.0,0.060813554959345845,0.001518726491193941,0.05929482846815191,0.04268208531952421,0.001821760407223144,-0.26711918781972366,-0.13289786428647482,0.20202363006322474,15.332539830798027,0.010397170997900084,-0.059523316706987336,,,,,,,,
1,x,148.0,0.004970413636754711,0.0014728556334129195,0.0034975580033417917,0.042397044357240565,0.0017975093702298243,-0.26508252915223507,-0.13637724825497152,0.20483278269728228,18.163830190348662,0.02881434372871947,0.004583018524032978,,,,,,,,
1,x,149.0,-0.0813058477572351,0.0014258720400571608,-0.08273171979729226,0.0432199391885272,0.0018679631434599892,-0.26104424540313564,-0.15948488994159812,0.2096274806839517,28.15267044012896,0.00967605610178023,-0.07349335557533776,,,,,,,,
1,x,150.0,-0.01103737175960284,0.0013781065867579931,-0.012415478346360833,0.04322831801525621,0.0018686874784281241,-0.249958814419559,-0.16079900250507867,0.20393500223048547,32.437489046581355,0.02498828528110868,-0.07540863948379532,,,,,,,,
1,x,151.0,-0.018071619950613408,0.0013293631354520006,-0.01940098308606541,0.04326616866248189,0.0018719613507303297,-0.24772227630008184,-0.14921876166192363,0.20575835422726327,35.143525669068495,0.03250737325090265,-0.08518924527523962,,,,,,,,
1,x,152.0,-0.05163330963095446,0.001279733437419009,-0.052913043068373466,0.04353356167752807,0.0018951709923311403,-0.2396583770460368,-0.14902121412409705,0.2228503009463333,85.94996803325316,0.06435233183107852,-0.13279472505470483,,,,,,,,
1,x,153.0,0.039733746491265404,0.0012298046425578168,0.03850394184870759,0.04370325009413686,0.0019099740687906735,-0.24729890627730125,-0.15193829609226933,0.21885642547467718,44.3357543151131,0.03870223713857819,-0.17398572387469563,,,,,,,,
1,x,154.0,0.013750642155475303,0.0011794962395234806,0.012571145915951822,0.04358928075602097,0.00190002539682722,-0.24639656748245742,-0.1530803370473054,0.22251854574763347,55.05969295376742,0.049217376910425166,-0.14630907352170533,,,,,,,,
1,x,155.0,0.04319585818418014,0.0011282503810131723,0.04206760780316697,0.04378208055895125,0.001916870578070497,-0.24168785928085432,-0.14171481907517297,0.21193243662557923,39.147535735819375,0.03605837856830422,-0.1897762221420991,,,,,,,,
1,x,156.0,0.03970812282400393,0.0010766844638288408,0.038631438360175095,0.04393917309995807,0.0019306509327080789,-0.23286755012691354,-0.1414764972821312,0.21717738266723602,27.00156344722259,0.00846189706113187,-0.2258157002747743,,,,,,,,
1,x,157.0,0.0031616925523378124,0.001025734174588215,0.0021359583777495975,0.04386977821840536,0.0019245574409320735,-0.23867852079973184,-0.15096744914575438,0.2239226207250655,23.044282800158093,-0.008026286937006641,-0.20869989845187334,,,,,,,,
1,x,158.0,0.005488328215362366,0.0009739972757985192,0.004514330939563846,0.043661113136268685,0.0019062928002980541,-0.2576579769431642,-0.14158092605742378,0.21924212045884137,18.34401362416206,-0.031150760030214997,-0.16209156887729187,,,,,,,,
1,x,159.0,-0.06539280204805294,0.0009222787507728398,-0.06631508079882578,0.04368989930347183,0.0019088073011475082,-0.2447988538262769,-0.150882058700612,0.2092636911957576,18.40631535944089,-0.032845248191457316,-0.1633868496044227,1.132490009653471e-14,0.999999999989343,1.0645609958597328e-11,0.00042970125046589265,"{'sigma': 0.0723365418060787, 'lam': -3.141592653589793}","{'sigma': 0.024062304814318036, 'mu': -0.5130442937838314, 'w0': 2.2209619830348726, 'delta': 2.3222664236044466e-08, 'psi': 0.1}",{'sigma': 0.02163261587546226},0.00022917400024847597
1,x,160.0,0.010994704649180117,0.0008715797680755328,0.010123124881104584,0.04348738918761787,0.001891153018355343,-0.2410691898068111,-0.15450451036036714,0.2055304421815879,21.222516521133453,-0.01928432380097643,-0.11933569935153558,,,,,,,,
1,x,161.0,0.04567457639807123,0.000820693745362991,0.04485388265270824,0.04363702766637314,0.0019041901835558145,-0.236417153357502,-0.1651988155245343,0.21010026151289535,15.882526808801822,-0.054830052130597856,-0.14778374764010524,,,,,,,,
1,x,162.0,-0.005048355060909919,0.000769674248559691,-0.005818029309469609,0.043624271535602235,0.0019030770670119554,-0.23865875990257293,-0.1680009251354139,0.20830923968645207,17.04896875020129,-0.0412507091286306,-0.14531704781971394,,,,,,,,
1,x,163.0,-0.073210571961051,0.0007200096315961531,-0.07393058159264716,0.044210931047929156,0.001954606424124746,-0.23663904297252156,-0.18606404642845115,0.209619022762295,27.58142738003473,-0.024614827927305703,-0.21491740408479687,,,,,,,,
1,x,164.0,0.07370362922447866,0.0006710929531269249,0.07303253627135174,0.044708001731433106,0.0019988054188178257,-0.2638159850402591,-0.17957555969749664,0.23087583678591408,21.933895518106258,-0.01174491306137712,-0.26776512082883014,,,,,,,,
1,x,165.0,0.044016825828912955,0.0006226783770254788,0.04339414745188747,0.04480665527760625,0.00200763635716624,-0.2372084772702918,-0.18649575944915728,0.23455535506379555,20.700479719273197,-0.014228578401515639,-0.2859905053120019,,,,,,,,
1,x,166.0,-0.03780775159852055,0.0005751809936085466,-0.0383829325921291,0.044646299057709005,0.001993292019550388,-0.25913278312731375,-0.20855443055707915,0.2403922039729854,19.225199230229308,-0.01315445642520546,-0.2625247830135535,,,,,,,,
1,x,167.0,0.047341723714379724,0.0005288319193100348,0.046812891795069686,0.04465644388088761,0.001994197980086864,-0.27476128726090554,-0.20457653561056177,0.28005272146474325,13.844048893214865,-0.05373065376462476,-0.26131922009307795,,,,,,,,
1,x,168.0,0.02935637168989889,0.00048362411027838456,0.028872747579620505,0.0446281963817811,0.0019916759122908198,-0.27232357455169576,-0.19940072134017758,0.2864688923876884,11.720093825953134,-0.08780360432019142,-0.25145789033966837,,,,,,,,
1,x,169.0,-0.02000689353768405,0.000439857421797899,-0.020446750959481952,0.04460043821916994,0.0019891990893419944,-0.2679400033672207,-0.20234896017931303,0.28807468764058114,11.555156866957303,-0.09020676627653458,-0.2448352973552039,,,,,,,,
1,x,170.0,0.06796810608464457,0.00039783084167522193,0.06757027524296935,0.044174389102966345,0.0019513766526202715,-0.28231498218756534,-0.18740303624413363,0.29075110946543303,12.201822467105144,-0.12824694532025802,-0.26513807689603364,,,,,,,,
1,x,171.0,-0.008117244234704184,0.00035670703149627314,-0.008473951266200458,0.0441781360255407,0.001951707702691177,-0.2821670634053201,-0.187957802006705,0.28856106502994516,12.893003730784462,-0.1148902816340786,-0.2683210575983039,,,,,,,,
1,x,172.0,-0.10710025672421368,0.00031772010804070194,-0.10741797683225439,0.04548937440029587,0.0020692831833302935,-0.2662166998410552,-0.21628109990611358,0.29028104739126503,18.250356490434203,-0.185488527530383,-0.2390796661094029,,,,,,,,
1,x,173.0,-0.006256905078301616,0.00028116831329012126,-0.0065380733915917375,0.04537769857648999,0.0020591355280987814,-0.2556857746964859,-0.20716255982395287,0.2800293794702028,21.685332588515887,-0.16365766617487698,-0.2201524325533712,,,,,,,,
1,x,174.0,0.08166697748314485,0.0002459868727856197,0.08142099061035922,0.04608910397640864,0.002124205505348207,-0.25690759691181786,-0.24173417156526283,0.27123980843818274,16.096019442394137,-0.15210011557377595,-0.28372434724865253,,,,,,,,
1,x,175.0,-0.07646769158575603,0.00021266530967282098,-0.07668035689542885,0.046103511849044924,0.0021255338048150256,-0.2703098153878174,-0.23550795619780493,0.2992110961121238,16.157437154556362,-0.1530089330256541,-0.28357561360264905,,,,,,,,
1,x,176.0,-0.08213654059753656,0.00018160359310710755,-0.08231814419064366,0.04670441045672337,0.0021813019561100913,-0.23398405180942097,-0.25791499010416835,0.29560013759967957,28.390373600242494,-0.1326818151487553,-0.33686600345661033,,,,,,,,
1,x,177.0,0.07134841750680719,0.000153153010457547,0.07119526449634965,0.04723091314732177,0.0022307591567298527,-0.25395341335726207,-0.27787493585593703,0.31615227562471754,20.96638279347592,-0.1330681989346674,-0.39706562635303655,,,,,,,,
1,x,178.0,-0.06380003974309811,0.00012726011582211551,-0.06392729985892023,0.047649754376690015,0.0022704990921588895,-0.2683103877790243,-0.24914079267085115,0.3348455528216429,27.13380654289173,-0.12350743064831712,-0.4600168978751092,,,,,,,,
1,x,179.0,-0.06285014687249019,0.00010283852930512991,-0.06295298540179532,0.048032992772357626,0.00230716839466936,-0.24394245247266513,-0.26693248805067277,0.3486902582306753,51.077929704034965,-0.09303293869830243,-0.5191619850138595,9.807890517634141e-09,0.99999464834355,5.341848559681346e-06,0.0013274797075349394,"{'sigma': 0.07195748575802619, 'lam': -3.1415925008420222}","{'sigma': 0.02193966214843379, 'mu': -0.48491131556487677, 'w0': 2.0991746749065094, 'delta': 5.582810658211201e-09, 'psi': 0.1}",{'sigma': 0.02127149443562643},0.00022124661792248987
1,x,180.0,0.05515290177461359,8.155372940861689e-05,0.05507134804520498,0.048265781826061345,0.0023295856952809534,-0.252648894088823,-0.27270894194420914,0.3552612517847188,27.25042851950504,-0.12702456834009943,-0.5436872361626282,,,,,,,,
1,x,181.0,-0.0335604431834589,6.315583894605365e-05,-0.03362359902240496,0.04829829132287634,0.0023327249447094313,-0.27137394662870135,-0.2541706131692593,0.3603905551197463,42.349641598288315,-0.09288160893530858,-0.5552573880186945,,,,,,,,
1,x,182.0,-0.014066843188974203,4.7272924912426925e-05,-0.01411411611388663,0.0477308169037378,0.002278230882298142,-0.24801697170916231,-0.2621796921828534,0.34519147767518765,189.07884010507442,-0.07873030237770333,-0.5033357970766265,,,,,,,,
1,x,183.0,0.002619139568637134,3.3869018717746385e-05,0.0025852705499193876,0.0469732129889392,0.0022064827385042465,-0.24847426432926,-0.2413364171458875,0.32290076900339715,41.905168513260115,-0.08094094652552129,-0.4373549691209137,,,,,,,,
1,x,184.0,-0.008828761701650038,2.3868627957648533e-05,-0.008852630329607687,0.04697126973624642,0.0022063001806352186,-0.2547368498822349,-0.2408110447782331,0.3231201660705237,50.391084067899406,-0.06931204203243017,-0.43812685025224735,,,,,,,,
1,x,185.0,-0.004005802453653463,1.6235104903417302e-05,-0.0040220375585568804,0.04641457804839878,0.002154313055410902,-0.23446812228003588,-0.2465654384213817,0.3365332770387631,268.30605482591807,-0.05991273781986645,-0.37437465446606494,,,,,,,,
1,x,186.0,0.05184975712452135,1.1811215051123233e-05,0.051837945909470225,0.04602543476172838,0.002118340645006115,-0.23429523215772086,-0.26109148057788606,0.354139279376983,31.079126973376137,-0.08178223062316212,-0.34967828259541245,,,,,,,,
1,x,187.0,0.003957577157173119,1.0768068697815424e-05,0.003946809088475303,0.04602063682029481,0.002117899013345474,-0.23127803907680825,-0.2632241088719911,0.36216471924872023,32.11395105435851,-0.07930319937268915,-0.3488206022666315,,,,,,,,
1,x,188.0,0.0678539468683483,1.19284754538676e-05,0.06784201839289443,0.04643523842997081,0.002156231368048238,-0.22439368032809195,-0.25593347552274504,0.35679134886026415,19.634802139053114,-0.1054332278041331,-0.3918480793406553,,,,,,,,
1,x,189.0,0.011001845650833,1.6093203643594185e-05,0.010985752447189405,0.04632752212445595,0.0021462393061919553,-0.21022434597332243,-0.25524943463539546,0.3516357027372768,21.80560919611593,-0.09457384423982945,-0.37145484979264926,,,,,,,,
1,x,190.0,-0.1314162271048966,2.4515010586387905e-05,-0.13144074211548298,0.04756394036723756,0.0022623284232581304,-0.213165368601803,-0.2702562725535136,0.3291730520077259,30.415815177484994,-0.2294756015693476,-0.08832118846167619,,,,,,,,
1,x,191.0,0.05610798875623896,3.55761642881528e-05,0.0560724125919508,0.04788544824640904,0.002293016153759519,-0.23585828327254046,-0.2676131179275195,0.351098592346213,22.069368063751956,-0.24803806682408847,-0.1361912132631889,,,,,,,,
1,x,192.0,-0.006958348645470704,4.9030528500107755e-05,-0.007007379173970812,0.047608043140327426,0.0022665257716512773,-0.23054355496864964,-0.28215205555207745,0.3646432156344758,30.43707227726921,-0.2272848111842708,-0.09413230918461309,,,,,,,,
1,x,193.0,-0.0031472201339706515,6.660928081255089e-05,-0.0032138294147832022,0.047499353494342186,0.0022561885823804773,-0.22171637381844558,-0.2889324205456013,0.3474966413295228,25.850809572377425,-0.2440712102226721,-0.06293924190434419,,,,,,,,
1,x,194.0,-0.005037538978676175,8.756080713312562e-05,-0.005125099785809301,0.04652266404700089,0.0021643582700301093,-0.20848172922448302,-0.2739076968574629,0.32466018184603945,56.869420873506414,-0.2812360493906696,-0.015200594510178253,,,,,,,,
1,x,195.0,-0.06285774789820534,0.00011066069406209583,-0.06296840859226743,0.04675815224217159,0.002186324801102096,-0.21696720792087182,-0.2612794479878693,0.31769750991258294,78.39255970643036,-0.2807205856353787,-0.05445906713567274,,,,,,,,
1,x,196.0,0.058175983279710526,0.00013716953746124524,0.05803881374224928,0.046853371426245884,0.002195238414005754,-0.21842725300464047,-0.2738711202956785,0.3077575490404815,28.14997360123255,-0.3173201365618223,-0.038905711958593034,,,,,,,,
1,x,197.0,0.0871608998587083,0.0001672543393301226,0.08699364551937817,0.04719875702319288,0.002227722664534399,-0.17920021793898422,-0.2833655084700636,0.3091576678012409,25.325850064851995,-0.28797241027562737,-0.04020535386248728,,,,,,,,
1,x,198.0,-0.07571489155491616,0.00020018317608948353,-0.07591507473100564,0.04760957029134203,0.0022666711833262375,-0.21349618017920416,-0.30310805668357005,0.3294275640594698,31.076193738382383,-0.29446019582267147,-0.08918969784431773,,,,,,,,
1,x,199.0,-0.022569451641714422,0.00023548930556383549,-0.02280494094727826,0.047498473887678,0.002256105021658429,-0.20631642106169767,-0.3050698104119279,0.32130717823104804,28.191492600085695,-0.3023754559230528,-0.06132284492852003,3.018276685360016e-19,1.0,8.570949230377166e-17,0.0006543827112532625,"{'sigma': 0.07431377231550215, 'lam': -3.1415922213648075}","{'sigma': 0.02154384427375322, 'mu': -0.4228024835100378, 'w0': 2.0496442132097727, 'delta': 0.21933785610295908, 'psi': 0.1}",{'sigma': 0.022018385227928285},0.0002181275704177543
1,x,200.0,0.007111771826317543,0.00027377644676403136,0.006837995379553512,0.04747133363121965,0.002253527516726566,-0.2056907972937209,-0.30333190272196653,0.319905622539112,24.91763807081962,-0.3174417408911358,-0.04821304694896147,,,,,,,,
1,x,201.0,0.07936053638403626,0.0003159880712749147,0.07904454831276134,0.04808708342466965,0.0023123675922911385,-0.2008651283853407,-0.30844795835502303,0.2840750242076571,19.142583267678027,-0.3007947350244454,-0.11085220115174951,,,,,,,,
1,x,202.0,-0.010951221184938924,0.0003613877486141624,-0.011312608933553087,0.04810376636399537,0.002313972338401852,-0.2024522499953306,-0.316261884273722,0.28493510827838736,20.20504678198939,-0.2931431928973761,-0.11797610689072188,,,,,,,,
1,x,203.0,-0.016645933965148494,0.00040905564132314473,-0.01705498960647164,0.048115181151127555,0.0023150706572058204,-0.213239893832046,-0.31873663611956615,0.29737976336296107,23.61032726348723,-0.27279952120144235,-0.1287591625363577,,,,,,,,
1,x,204.0,-0.0727938526419942,0.00045947073073153964,-0.07325332337272573,0.0475175337872946,0.0022579160172266836,-0.21554931421212506,-0.27930087787133717,0.2691408676411589,196.33913126277136,-0.3159813348623792,-0.21891406827770404,,,,,,,,
1,x,205.0,-0.008627170826455092,0.0005128880900281453,-0.009140058916483238,0.04750934706494712,0.0022571380585375994,-0.20955279371942737,-0.27854513175015644,0.26969041081375067,1720.7302479003201,-0.30335592793829186,-0.22244750836679664,,,,,,,,
1,x,206.0,0.01619618161862997,0.000569243769449977,0.015626937849179994,0.046572136150480316,0.0021689638656188755,-0.21343251191311724,-0.2872385105949909,0.2601887053183835,41.40907210770033,-0.30905413079700894,-0.13715642139656214,,,,,,,,
1,x,207.0,-0.017948588700618603,0.0006273453970455531,-0.018575934097664157,0.046608844460306484,0.0021723843819250427,-0.2144714474693532,-0.2865168219485393,0.263112534626502,51.44325621680477,-0.29541549076380225,-0.1517623122962446,,,,,,,,
1,x,208.0,0.03398420002917861,0.000688546311357986,0.033295653717820624,0.0467279278862528,0.0021834992445428423,-0.21748015365284806,-0.28317761857145884,0.2611783037550284,37.305704594813754,-0.31285531649849524,-0.16919605689038136,,,,,,,,
1,x,209.0,-0.0013666523549251447,0.0007529799882897729,-0.0021196323432149176,0.0466180544348427,0.0021732429992899573,-0.21652759794744506,-0.2819730653981177,0.2542883924666279,30.349608364569942,-0.33116297754762386,-0.13539086637476944,,,,,,,,
1,x,210.0,-0.08452699684013719,0.0008190383364979651,-0.08534603517663515,0.047391342400708886,0.002245939334541228,-0.21247594834107855,-0.28956558162501983,0.2564935693814053,82.30641176211483,-0.31522784926065983,-0.23708384198078322,,,,,,,,
1,x,211.0,0.07001642178658218,0.0008867903203789267,0.06912963146620325,0.04788844923435782,0.002293303570071666,-0.23215868342241364,-0.29021403759928227,0.26425613930197805,41.554180158006254,-0.3115598578947051,-0.2910821189164568,,,,,,,,
1,x,212.0,-0.036996853460738555,0.000957783008599801,-0.03795463646933835,0.047594162738711816,0.0022652043267989844,-0.23213372524503872,-0.25083944874839575,0.2594411959357223,33.720946549958136,-0.3137086707290597,-0.24689253371527306,,,,,,,,
1,x,213.0,-0.07804005040755428,0.0010305248188680334,-0.07907057522642232,0.0480763248861146,0.002311333014555242,-0.23583775769620363,-0.2659293044040626,0.27392297800796755,233.22227969939556,-0.2807583631793261,-0.3174228794731273,,,,,,,,
1,x,214.0,-0.015666624676197845,0.0011049126528550092,-0.016771537329052854,0.04724480311187808,0.0022320714210801247,-0.22225442098441323,-0.29541589920126454,0.29914148352071684,-55.1457053980427,-0.2977777213689742,-0.2850502579904731,,,,,,,,
1,x,215.0,0.08894344561411242,0.001181847648227147,0.08776159796588527,0.04802670845562567,0.0023065647250816662,-0.21995990045693894,-0.32716316118380834,0.28806142303512916,184.38455454508386,-0.2871685584635658,-0.3094886001411762,,,,,,,,
1,x,216.0,-0.021937889218190537,0.001260001082423625,-0.02319789030061416,0.047673317402240185,0.002272745192134737,-0.21101129575113342,-0.35042481203860065,0.2842070894238323,-81.17500773610948,-0.26288161998153725,-0.2764999508305874,,,,,,,,
1,x,217.0,0.019397011970501882,0.0013395249904168817,0.018057486980085,0.04729802124761445,0.002237102813939788,-0.1977124109244801,-0.32923314593463043,0.2831181965067814,213.21913750994204,-0.2980557880581298,-0.19792166359732952,,,,,,,,
1,x,218.0,-0.015466420904736855,0.0014217353774405462,-0.0168881562821774,0.04685811930118449,0.0021956833444440388,-0.21279179010584406,-0.32850836370857983,0.27189068601020805,-77.900533319723,-0.281778487055461,-0.15096163119054987,,,,,,,,
1,x,219.0,-0.027434562152381197,0.0015046158748095932,-0.02893917802719079,0.04678463465356906,0.002188802039667935,-0.21005625640340192,-0.3327185117570914,0.273604316905894,-37.31249247464928,-0.2480794141754671,-0.15099327941767932,2.724525815818888e-16,0.9999999999999829,1.6963091022542615e-14,0.00042282685028270845,"{'sigma': 0.07769150179283468, 'lam': -3.1415926520940185}","{'sigma': 0.023101174103350886, 'mu': -0.44298310235258886, 'w0': 1.9660744181371768, 'delta': 0.04840642906635906, 'psi': 0.1}",{'sigma': 0.022731528100617036},0.00024161534301869053
1,x,220.0,0.024562208543801926,0.0015879717305209164,0.02297423681328101,0.0468479865078619,0.0021947338398408105,-0.2123146337859241,-0.33367817363023444,0.275079265304902,-49.503286572684985,-0.2658759414509638,-0.15887856017414143,,,,,,,,
1,x,221.0,0.0018893181425741461,0.0016740457894301682,0.0002152723531439779,0.04684082123907825,0.002194062534351284,-0.21205651128642192,-0.33305178376695455,0.2742779417256893,-46.216299000795466,-0.26194587668351793,-0.1585702347792381,,,,,,,,
1,x,222.0,0.03996229880934775,0.0017605714638721426,0.038201727345475604,0.04700886719962485,0.002209833595391965,-0.2104962636584766,-0.32892705996128285,0.2767034628955495,-69.29229277818473,-0.2747922090481077,-0.18668439794758596,,,,,,,,
1,x,223.0,0.08486325224556333,0.0018478093832348674,0.08301544286232847,0.04759559178487529,0.002265340357352488,-0.1861057689435361,-0.34827164748575884,0.28499288669124423,85.83307770042325,-0.28065423723308697,-0.1988325945675503,,,,,,,,
1,x,224.0,-0.044013629104345406,0.0019357700895429788,-0.045949399193888386,0.04767289112950264,0.002272704548645411,-0.1881816562337317,-0.3573366168249498,0.2853649903133063,-182.79164406666774,-0.24040477000230626,-0.23095613511288982,,,,,,,,
1,x,225.0,-0.019804617694251042,0.002024812149844621,-0.021829429844095662,0.04673722046084242,0.0021843677764053875,-0.18047229988508834,-0.3702440430660128,0.2844992099414338,96.00698582978717,-0.21718267764604268,-0.1684059019990236,,,,,,,,
1,x,226.0,-0.027893142610683402,0.002114505792937195,-0.030007648403620597,0.04680858997970678,0.0021910440958883056,-0.17669660593473238,-0.36141718754527746,0.26669610552085693,898.8249547992699,-0.19061502663986632,-0.19250599023804577,,,,,,,,
1,x,227.0,0.0729599646256341,0.0022041064264882327,0.07075585819914587,0.047348124261319686,0.00224184487106537,-0.1839675811724351,-0.3637098834687841,0.2476965775729011,56.76859279793055,-0.19893734760175955,-0.2543101913562143,,,,,,,,
1,x,228.0,0.06027092827593798,0.0022939628283393286,0.05797696544759865,0.04770070104771396,0.0022753568804433797,-0.1618954230161176,-0.36791137245694217,0.23977619362981986,32.72295667660544,-0.2158379755934048,-0.3031019776849702,,,,,,,,
1,x,229.0,-0.010817543351023258,0.0023842515389537132,-0.013201794889976972,0.04761809022804181,0.002267482516965931,-0.1657380069906697,-0.36657799301477617,0.2426749368520729,46.88053248952115,-0.19137892306062262,-0.2935011008206646,,,,,,,,
1,x,230.0,-0.09551199111709614,0.002474765382265972,-0.09798675649936212,0.04860621390540056,0.0023625640302175547,-0.15609343212680843,-0.3809239554024037,0.20628066684386873,-892.7130923364083,-0.19698193576824966,-0.35776494210685034,,,,,,,,
1,x,231.0,0.032494136262414194,0.0025649415845049534,0.029929194677909242,0.048681148755157465,0.002369854244121769,-0.16583718273683848,-0.38546397482007494,0.2145531871256843,119.79234533905347,-0.2217989426279116,-0.364820883471406,,,,,,,,
1,x,232.0,0.08662630439354943,0.002654833417281167,0.08397147097626827,0.049403651212868493,0.0024407207531627626,-0.15371530099368913,-0.4064120317622573,0.20640672634197438,37.31359304220652,-0.21705829111895653,-0.41453935813210313,,,,,,,,
1,x,233.0,-0.10555792631606895,0.00274449874414186,-0.1083024250602108,0.0504601171368902,0.00254622342146868,-0.18124580508362842,-0.41082202261230005,0.237860847444949,83.13082868885193,-0.2588943041249354,-0.42069448202762433,,,,,,,,
1,x,234.0,-0.10552200258503587,0.002833661819065931,-0.1083556644041018,0.051510371681197036,0.002653318390735066,-0.12817845426667515,-0.4297418035141183,0.21438319668295713,-67.7934149231693,-0.25856616112900066,-0.4591328040142748,,,,,,,,
1,x,235.0,0.14886778664107045,0.0029227201088334806,0.14594506653223696,0.05358559855537837,0.0028714163725381686,-0.17830582093480707,-0.4647711821272562,0.2505273465242902,74.47472079522358,-0.09791506348293094,-0.21860961810701376,,,,,,,,
1,x,236.0,-0.05675524054183538,0.0030110279485702843,-0.059766268490405665,0.05383874755861017,0.0028986107386797526,-0.19701352146096282,-0.4304275457658316,0.2675996161130832,126.67462262419261,-0.09148853243163313,-0.2595438052542107,,,,,,,,
1,x,237.0,-0.02660628915148561,0.0030975098419344757,-0.029703798993420086,0.053681182878380515,0.002881669395222133,-0.18855768372297893,-0.4300183005578949,0.26393921488514743,-153.04521475492618,-0.057168180704674956,-0.23791176364783687,,,,,,,,
1,x,238.0,0.07047536325904963,0.0031838138158815986,0.06729154944316804,0.05410594968943128,0.002927453791795269,-0.1935446074624144,-0.4385706438098366,0.28648206480776645,118.44358581968115,-0.0796495070191014,-0.29523452939719086,,,,,,,,
1,x,239.0,0.06852230380402545,0.003269286576222582,0.06525301722780287,0.05450478545645514,0.002970771637654204,-0.17656569945438655,-0.44174881858666626,0.26901156125538234,48.55003948694593,-0.09636101022658863,-0.3495327835416674,2.8612811753937257e-10,0.9999999787625666,2.09513050446372e-08,0.0006995025131662436,"{'sigma': 0.08311898260032623, 'lam': -3.1415926365626197}","{'sigma': 0.024331107761028647, 'mu': -0.45280896284071004, 'w0': 1.9602040091200745, 'delta': 1.3433698597964394e-14, 'psi': 0.1}",{'sigma': 0.024276342597264893},0.0002997867913569614
1,x,240.0,-0.05599580150802423,0.003352937597123172,-0.0593487391051474,0.05447100667975226,0.0029670905687056146,-0.18258010446462455,-0.45293122439160227,0.27011657126203203,-792.2304071220263,-0.0567500654761351,-0.35303094213023595,,,,,,,,
1,x,241.0,-0.09518112630004384,0.003435610935074979,-0.09861673723511882,0.05526306529524844,0.003054006385826892,-0.15943532578400274,-0.4629045068125628,0.24783452517372617,-75.22676873995523,-0.07161184648249289,-0.4082824806531502,,,,,,,,
1,x,242.0,0.08576188778265618,0.0035176569656190917,0.08224423081703709,0.05589790242502328,0.003124575495517423,-0.18215529795632432,-0.47388492540980015,0.26232811969781855,625.3113708930264,-0.07832117590508277,-0.4699690259269548,,,,,,,,
1,x,243.0,-0.03113398733794474,0.003597349657181764,-0.034731336995126504,0.055953024014827886,0.0031307408964039063,-0.19366020080383692,-0.4539202081804909,0.26831960406193506,-123.85560492955628,-0.05034893743281172,-0.48188027534024314,,,,,,,,
1,x,244.0,0.09100739945713479,0.0036753554521580262,0.08733204400497677,0.05641013515388394,0.0031821033480794528,-0.19639305769978593,-0.418433326135345,0.22472149599025987,-783.0229531317392,-0.03683881536859749,-0.5069474407217065,,,,,,,,
1,x,245.0,-0.07310052462471808,0.0037522099231691716,-0.07685273454788726,0.056837987630401814,0.00323055683787371,-0.2152747244153796,-0.4031968002584745,0.20053062042613887,-112.31697251864192,-0.03426092679825723,-0.5526431560627519,,,,,,,,
1,x,246.0,-0.05369403025837934,0.0038269978507971293,-0.057521028109176475,0.05709103730570596,0.0032593865406415094,-0.19738025849695384,-0.4115436701176766,0.20313838476261453,-64.61855533234008,-0.02179391113695786,-0.5885537966614244,,,,,,,,
1,x,247.0,0.16539012084719212,0.003899916797673257,0.16149020404951886,0.05908021230016198,0.0034904714854322107,-0.21809752895831033,-0.4204740791897866,0.24044278789933007,364.11447864819735,0.1344501804604585,-0.30318232749126217,,,,,,,,
1,x,248.0,0.014434581235206249,0.0039704109427441715,0.010464170292462077,0.059089707268185195,0.0034915935050398184,-0.20498242957066493,-0.42006815955472576,0.23630896678298546,230.01150397811995,0.13084739066606996,-0.30561151354891514,,,,,,,,
1,x,249.0,-0.12346714242751164,0.004038749962272173,-0.12750589238978383,0.05987995246894589,0.0035856087076832186,-0.20909110643469198,-0.46246068930102285,0.2415001234038672,-363.5388810255991,0.07758575636002968,-0.27104864413148827,,,,,,,,
1,x,250.0,0.14459568423065924,0.00410513691854059,0.14049054731211866,0.06152558611022263,0.00378539774620642,-0.24859304192528628,-0.44942492589558025,0.29189826210107245,44.211594633349605,0.12192590020043663,-0.274024643233005,,,,,,,,
1,x,251.0,0.05123734778724394,0.004168796060907055,0.04706855172633689,0.06167138938600943,0.003803360268800797,-0.22755655185534862,-0.4530788584621143,0.2932400604830123,29.582772398996028,0.09294100659359279,-0.3020071145484538,,,,,,,,
1,x,252.0,-0.14657011888910187,0.004231056259494978,-0.15080117514859687,0.06328806968394812,0.004005379764320274,-0.23439176386632984,-0.4834263901608142,0.33740061271948196,55.743807598751474,-0.001993030178780757,-0.2304168767521481,,,,,,,,
1,x,253.0,0.05656712523749151,0.004290021752722995,0.052277103484768515,0.06338803547324327,0.004018043041157148,-0.2485381607626807,-0.4801829072020437,0.3440635103366838,48.622690373674075,-0.005134797674859052,-0.2448690089518699,,,,,,,,
1,x,254.0,0.07395528815724638,0.004346557005883217,0.06960873115136317,0.0637583009310761,0.004065120937617659,-0.23894763865179416,-0.4921043751567526,0.34938270692822276,33.45630815192783,-0.019069269194491936,-0.29498070046873015,,,,,,,,
1,x,255.0,-0.13950385516152114,0.004400331814524346,-0.14390418697604548,0.06522941258915381,0.004254876266726057,-0.2609557951152437,-0.4982913066261814,0.3840082277112453,828.6126855943642,-0.04504153757003228,-0.2933855089362927,,,,,,,,
1,x,256.0,0.08655731991871368,0.004451348292362058,0.08210597162635162,0.06564208576314759,0.0043088834233364235,-0.28146509563957284,-0.4785086668412183,0.3994070708456832,119.95705740701204,-0.04562442860443893,-0.3355965236999925,,,,,,,,
1,x,257.0,0.06751604978482537,0.004499584333804746,0.06301646545102062,0.06595217614535007,0.004349689538307283,-0.2655014706698815,-0.48782400605392445,0.4058008688571295,55.38677372200145,-0.0638592496993835,-0.37570933573223797,,,,,,,,
1,x,258.0,-0.18113129538625047,0.0045452889296470796,-0.18567658431589756,0.06850494161314659,0.0046929270254206235,-0.28120039370419875,-0.5005736936189706,0.44133319915885205,-101.42277099975992,-0.17622213692654057,-0.2084632476612788,,,,,,,,
1,x,259.0,0.07510231567017442,0.004587494285353368,0.07051482138482106,0.0685778405639019,0.004702920216407949,-0.29749093735228144,-0.48196813221987655,0.4504533274503143,94.00512547040174,-0.21603776014645043,-0.19992889091828864,9.539196019443823e-12,0.9999999994781406,5.123201380252539e-10,0.003290247151519501,"{'sigma': 0.10150990354058428, 'lam': -3.1415926535897922}","{'sigma': 0.03075919667582272, 'mu': -0.44415788778688614, 'w0': 1.9227536211827776, 'delta': 1.5102188388738114e-09, 'psi': 0.1}",{'sigma': 0.029941152410353094},0.0005061918694645379
1,x,260.0,0.0667205851340122,0.004626960128953259,0.062093625005058946,0.06885804626300168,0.004741430535157681,-0.2867176063226484,-0.48687637712397275,0.4596950031218014,53.51229691001371,-0.22869183859124792,-0.23243193711439203,,,,,,,,
1,x,261.0,-0.047852926027497106,0.004663191732019717,-0.052516117759516825,0.06890135206947966,0.004747396317002388,-0.2917899989925678,-0.4874049129213424,0.4582031081288224,196.02342671411873,-0.1923836964304906,-0.2506582988534414,,,,,,,,
1,x,262.0,0.0218987268630703,0.004696034606540382,0.017202692256529917,0.06892450772928015,0.004750587765723598,-0.29527632191716485,-0.4848226143539429,0.45976073135911705,110.99556573710318,-0.20221251281499944,-0.2516789279303211,,,,,,,,
1,x,263.0,0.04644135459193792,0.0047253984231913565,0.041715956168746564,0.06865908584680125,0.004714070069318423,-0.2847830398881587,-0.48404739588241846,0.4601545376809203,37.77696312030396,-0.24131684971880585,-0.20437113467127835,,,,,,,,
1,x,264.0,0.0030060081318105587,0.004751961604789771,-0.0017459534729792124,0.06826282394843709,0.004659813133415317,-0.29365604503711035,-0.48148658723750054,0.4550740756437615,61.469831462135495,-0.2245780926481809,-0.16170355222477645,,,,,,,,
1,x,265.0,0.041030630935930394,0.00477527752976541,0.03625535340616498,0.06822002151724513,0.004653971335813388,-0.29073956809863394,-0.48319381068191203,0.4542284880732289,63.12884299354801,-0.22293941738550627,-0.15626361904699573,,,,,,,,
1,x,266.0,0.08276572034962781,0.004794371064707455,0.07797134928492036,0.068562517545491,0.004700818812175762,-0.27942822380112653,-0.4788981955677264,0.4568679750450674,29.987339501310142,-0.2542799968315737,-0.1807277539018961,,,,,,,,
1,x,267.0,-0.1752984616269965,0.004810900232124485,-0.180109361859121,0.07073327550605214,0.005003196263815075,-0.3015187291736669,-0.4757609069428764,0.4384246798082685,1179.2753293625228,-0.30767533052618157,-0.11612122071719161,,,,,,,,
1,x,268.0,0.07441600811458066,0.004823929603411823,0.06959207851116883,0.0710283596966413,0.005045027881195457,-0.3150337713670612,-0.46541841349052515,0.44196307904591636,139.11399824692558,-0.3117616058425661,-0.14745661506227112,,,,,,,,
1,x,269.0,0.08007596552534388,0.004833098217298066,0.07524286730804582,0.07141291456725499,0.00509980436699006,-0.2997044942886603,-0.4755240003608735,0.44982313104556526,47.24934946396157,-0.33482882769776545,-0.17865643292454392,,,,,,,,
1,x,270.0,-0.09327356562276007,0.004839024467464373,-0.09811259009022444,0.07173987018665837,0.0051466089743985935,-0.31031075946316916,-0.4753815190857448,0.46916426538049677,-710.2150694501997,-0.2943460854067884,-0.2349702155733995,,,,,,,,
1,x,271.0,-0.039187625647948955,0.0048414301786698765,-0.04402905582661883,0.07185970641163217,0.00516381740556597,-0.30369772527485955,-0.47839438274283347,0.4639898558487759,-174.53737737775282,-0.27976737115815764,-0.25866789898696846,,,,,,,,
1,x,272.0,0.03936746363010927,0.004839747640515261,0.034527715989594004,0.0711643174868072,0.005064360083363093,-0.31029517544887897,-0.4712740954092996,0.45795653375848866,67.58489207041798,-0.31461219883399033,-0.17262017548985684,,,,,,,,
1,x,273.0,-0.04481428670540734,0.004835144144201078,-0.04964943084960842,0.07132828233594604,0.005087723860996432,-0.3138882007018377,-0.46867545807944433,0.46423575376311144,106.87676676008519,-0.297200147662139,-0.2047835746012289,,,,,,,,
1,x,274.0,-0.008199083628125594,0.004826990652693578,-0.013026074280819172,0.07084308879972696,0.005018743230686,-0.3034532586696621,-0.4615538880881206,0.4577820712053297,-306.3186738265133,-0.2790975400518083,-0.1615915346194829,,,,,,,,
1,x,275.0,0.06063641268232567,0.0048141283157223744,0.055822284366603296,0.0706792173307015,0.004995551762480534,-0.3198780891074471,-0.45854407760680727,0.45463738854964253,62.011904481916574,-0.32071849667829344,-0.1196301600951575,,,,,,,,
1,x,276.0,-0.0011623325848557624,0.004798918405192977,-0.00596125099004874,0.07020381438801856,0.004928575554627362,-0.31126486854899704,-0.4740029131247498,0.4484335950253292,36.01099371067169,-0.3446204516483228,-0.04263063058702898,,,,,,,,
1,x,277.0,-0.017464899053162845,0.004780156258162057,-0.022245055311324903,0.06986309601222314,0.004880852184413109,-0.30440423712123565,-0.46985896669521615,0.44418194503555625,65.82304556068847,-0.3201239700498561,-0.013351899545116218,,,,,,,,
1,x,278.0,-0.03774298994127532,0.0047569993308117006,-0.04249998927208702,0.06970166597866438,0.0048583222402013,-0.3125590444599655,-0.4646242469156721,0.43484452046979966,52.726483120891274,-0.3264107642010882,0.013704247380581822,,,,,,,,
1,x,279.0,0.028800031984779532,0.004731026264689217,0.024069005720090315,0.06946394839396483,0.004825240126479408,-0.3089519505195249,-0.472042910168413,0.43432871669260564,31.032168098229725,-0.3603461819088577,0.06767165038709587,1.0947013949842342e-15,0.9999999999999798,1.9060346948573322e-14,0.007564282497648649,"{'sigma': 0.11636369629457217, 'lam': -3.141592653589472}","{'sigma': 0.015608478825255734, 'mu': -0.12913654634848293, 'w0': 2.0619018602001775, 'delta': 1.502871459635287, 'psi': 0.1}",{'sigma': 0.03463287277823986},0.0011637357688690213
1,x,280.0,0.020033781570199437,0.004701884050409262,0.015331897519790175,0.0692579841249644,0.004796668365053821,-0.30532652564055734,-0.47243384404193006,0.4343481255465389,36.697666476994115,-0.35112511641924415,0.09251483111844776,,,,,,,,
1,x,281.0,0.1179283203887315,0.004668545437495616,0.11325977495123588,0.07010266139470829,0.004914383134621125,-0.2989148312739431,-0.4604746518036575,0.4178755777936691,20.605423153561034,-0.3575105043355569,0.044251458881098625,,,,,,,,
1,x,282.0,-0.038976519002521665,0.0046322952932666,-0.043608814295788265,0.07022832910691547,0.004932018209149231,-0.30467701191437147,-0.46128222104408895,0.4144405316158697,22.273145773295088,-0.34525841330092594,0.01741027610437621,,,,,,,,
1,x,283.0,-0.015626318565421887,0.004593365287945728,-0.020219683853367615,0.07025879628006688,0.004936298454723941,-0.3020366436531194,-0.4598109259122123,0.4143222361222747,23.6514234915693,-0.33514109214157745,0.007503070545775831,,,,,,,,
1,x,284.0,0.023019597429785398,0.00455057270303962,0.01846902472674578,0.07027573254876837,0.004938678585266022,-0.30268562052639586,-0.460649524420338,0.4131175361161583,21.366390096720725,-0.34660067547042994,0.010075301635359347,,,,,,,,
1,x,285.0,-0.011391677322502493,0.004504861664060467,-0.015896538986562958,0.0702937068321458,0.004941205220203661,-0.3034462842980738,-0.4596248880251761,0.4162918102771888,21.86280069500368,-0.3412946436772397,0.004515719462292233,,,,,,,,
1,x,286.0,-0.011033790335704912,0.004456722169760379,-0.01549051250546529,0.07011937610937063,0.004916726905967378,-0.3040366682596621,-0.47066991706040556,0.4165720398836435,27.11096682339578,-0.3186163225469754,0.019054782808768857,,,,,,,,
1,x,287.0,0.04482042963800145,0.004404997451216242,0.04041543218678521,0.07023568706094255,0.004933051736922653,-0.3067664688507746,-0.47124404422729443,0.4259856955571226,23.450881056725883,-0.3309459361881724,0.0066711919666870125,,,,,,,,
1,x,288.0,0.12020947723151607,0.004350021037731476,0.11585945619378459,0.07086409151044813,0.005021719465601168,-0.29546520225535255,-0.46029762158701865,0.411785484379995,20.140037377075725,-0.30711793763178497,-0.026215892260408505,,,,,,,,
1,x,289.0,-0.08084494412041039,0.004293028096448812,-0.0851379722168592,0.07137306951980417,0.005094115052678799,-0.31179016447134156,-0.466117680045148,0.4114157937948673,27.45012348075858,-0.2773154511267852,-0.1070460490011092,,,,,,,,
1,x,290.0,-0.0427440841574974,0.0042329208168501,-0.0469770049743475,0.07029683167064422,0.00494164454293089,-0.2917849367489546,-0.48036833842379323,0.41227114350722965,20.16071959896809,-0.2630986570456615,-0.03568411323774885,,,,,,,,
1,x,291.0,0.20626121213301554,0.004170807451835198,0.20209040468118034,0.07292862796332726,0.0053185847766134,-0.2986114881643264,-0.4933673356079004,0.43866794307631873,14.619778597353385,-0.08399961345380837,0.17287267132840864,,,,,,,,
1,x,292.0,-0.10699565971540335,0.0041058495495101726,-0.11110150926491352,0.07379663540177411,0.00544594339662238,-0.3261376513686219,-0.47613126896218544,0.44994578842092536,18.504762522966,-0.07500197308622301,0.07549954034850648,,,,,,,,
1,x,293.0,-0.10575871594941731,0.004038800490602414,-0.10979751644001973,0.074622997687163,0.005568591783818335,-0.2959671946950049,-0.49602936099730316,0.4557715502334339,25.19459176512532,-0.06253605277760735,-0.015425934349560865,,,,,,,,
1,x,294.0,0.18016766647785848,0.0039703994280108415,0.17619726704984764,0.07667386125569528,0.00587888099985761,-0.3207413217625626,-0.5130964245008669,0.494441807016614,15.927538616330782,-0.004807578231710068,-0.035004505697605395,,,,,,,,
1,x,295.0,0.04894422817576057,0.0038998668437404604,0.04504436133202011,0.07651378838255021,0.005854359812649675,-0.2944947261983369,-0.510510983493482,0.4741223438351631,12.89861666997319,-0.03995295244320291,-0.012641209990737399,,,,,,,,
1,x,296.0,-0.18572729383424125,0.0038271670289771547,-0.1895544608632184,0.07868394960831646,0.006191163925964084,-0.3096065005816568,-0.5347431447897092,0.49533180793988446,22.5267950067876,-0.09456513078492332,0.023442602214818264,,,,,,,,
1,x,297.0,0.1084899015531318,0.0037529854130298364,0.10473691614010197,0.0789010347035256,0.0062253732772869505,-0.32276454789817904,-0.5216629046000558,0.5108616495579973,21.288960606813202,-0.09044891140053932,0.007379789418663997,,,,,,,,
1,x,298.0,0.10277501446697293,0.003678421282677299,0.09909659318429563,0.07912920687157665,0.006261431380124774,-0.3056884431902641,-0.534138239909367,0.5286805687038703,14.41046340732116,-0.12816773777332602,-0.0030300042310729574,,,,,,,,
1,x,299.0,-0.05215308672906515,0.0036012432315376624,-0.05575432996060281,0.07930307139060593,0.006288977131983539,-0.3115730139201406,-0.5375429307337619,0.5287850401668738,15.264512207733105,-0.11831860893761614,-0.029229232350522657,5.22909526276529e-18,1.0,7.64874547611266e-17,0.00832623334255572,"{'sigma': 0.11811630112293518, 'lam': -3.141592104348801}","{'sigma': 0.016023361978784623, 'mu': -0.12776075069073456, 'w0': 2.045224929037285, 'delta': 1.4921503296719327, 'psi': 0.1}",{'sigma': 0.035162215350896794},0.0012809589757778015
1,x,300.0,-0.055172282861282035,0.0035231539818041118,-0.058695436843086146,0.07953260913603206,0.006325435915984851,-0.3063503108153969,-0.5412189914619658,0.51283318901052,17.393997553470992,-0.09664205348340328,-0.06457099236404765,,,,,,,,
1,x,301.0,0.025354998339032833,0.0034452374456523443,0.021909760893380488,0.07917274589523626,0.006268323692591651,-0.3074326642195016,-0.5420592175636869,0.5261755648434534,19.634337012939532,-0.08545794261138548,-0.02197090464211324,,,,,,,,
1,x,302.0,-0.06972617136589658,0.0033662393432889017,-0.07309241070918548,0.07950784587641074,0.006321497555907084,-0.30894746573618614,-0.5349215315038965,0.5292168545260822,23.081799765293514,-0.06880327511312809,-0.06806884935579842,,,,,,,,
1,x,303.0,0.0008838239900658796,0.0032864414837608354,-0.0024026174936949557,0.07948942365897077,0.006318568473635342,-0.3107613987390061,-0.5353182539094616,0.5286739855324457,21.958952442883774,-0.074390754333755,-0.06473736394165572,,,,,,,,
1,x,304.0,0.09809332284293493,0.0032068984807949244,0.09488642436214001,0.07969717486860407,0.006351639682036857,-0.31169258149187085,-0.5410917541272611,0.5280391598421815,14.955985045186967,-0.11305789984908655,-0.07550795394455383,,,,,,,,
1,x,305.0,-0.09745520833668035,0.003127317109472562,-0.10058252544615291,0.08034731205582156,0.006455690554595568,-0.3218632028750193,-0.5366363994208141,0.5344618635124166,18.094199658222145,-0.09686913543843863,-0.1489896086456798,,,,,,,,
1,x,306.0,-0.005313532454735616,0.003048308691903265,-0.00836184114663888,0.08033903097128058,0.00645435989740438,-0.3174410745887245,-0.5354730460907389,0.5346323569690746,19.0133377183682,-0.08783688634078077,-0.14893453400509085,,,,,,,,
1,x,307.0,0.09024009714129161,0.002969705858647807,0.0872703912826438,0.0807776794866169,0.0065250335032426094,-0.3162107795767168,-0.542000255856122,0.5410565029002269,15.22013461565259,-0.11372894245803387,-0.19317535889426843,,,,,,,,
1,x,308.0,-0.007681034028610945,0.0028913783619824835,-0.010572412390593429,0.08072414638597505,0.006516387809744329,-0.3160395161103757,-0.540953418027208,0.5375533627183166,16.505850528193324,-0.09796756778568454,-0.18812279830476672,,,,,,,,
1,x,309.0,-0.013385153183181394,0.002813506000764721,-0.016198659183946116,0.08074259882853337,0.006519367265585478,-0.31795168163852977,-0.5417123594204873,0.5381350657926347,16.925560786611648,-0.09266821505513614,-0.1914456993958278,,,,,,,,
1,x,310.0,-0.054596833429021156,0.002737740402107028,-0.05733457383112819,0.08048734296179397,0.006478212377049445,-0.3091319772865086,-0.5482942165558077,0.5203728380072943,15.875982682080503,-0.09534560542010725,-0.16452250488904763,,,,,,,,
1,x,311.0,0.03810438513936673,0.002663108211729914,0.035441276927636815,0.08027173973059355,0.006443552199376151,-0.3084911641639805,-0.544814336645739,0.5232222601641773,16.897055976535682,-0.08864805874039813,-0.13965073309874224,,,,,,,,
1,x,312.0,0.1227567083965071,0.002589290142956572,0.12016741825355053,0.08104651747620807,0.006568537995021301,-0.30556813354598356,-0.5503095026906882,0.5230340524643531,12.76690982638519,-0.11209181249076768,-0.195034691318783,,,,,,,,
1,x,313.0,-0.1600516485491658,0.002517749044751897,-0.1625693975939177,0.0823183537516847,0.006776311364387503,-0.3297395486768969,-0.5421936277458054,0.5256518866445131,14.891017592277027,-0.1493129872615995,-0.21281195558435134,,,,,,,,
1,x,314.0,0.0018503982848721168,0.00244789832441861,-0.0005975000395464932,0.08229711376823189,0.006772814934581302,-0.32173657029958597,-0.5378971163703999,0.5258450530905253,14.429927038490504,-0.1553241711821802,-0.2086191863556861,,,,,,,,
1,x,315.0,0.1177856255362607,0.002379765161305976,0.11540586037495472,0.08263351662779705,0.006828298070276413,-0.3177348911871486,-0.5547942164249872,0.5410304689130697,13.791454329485365,-0.14858519502692966,-0.22775908240961587,,,,,,,,
1,x,316.0,-0.041636814029080524,0.0023143845892514793,-0.043951198618332,0.08272439838854205,0.006843326088746218,-0.32157962978085886,-0.5548872689343785,0.5399005085478329,14.275978252635827,-0.1419217701793896,-0.2408955440588806,,,,,,,,
1,x,317.0,-0.007013521819889045,0.0022512679882194064,-0.00926478980810845,0.08271650125195187,0.006842019579364157,-0.3199716873328997,-0.5512218658266356,0.5396493298302762,14.956283781338621,-0.1319510764541076,-0.24170171916349326,,,,,,,,
1,x,318.0,0.0912904187523265,0.0021911797257183957,0.08909923902660812,0.08315130787109833,0.0069141400006741795,-0.32082479946257264,-0.5529584935951387,0.5460693119778193,12.602272493186735,-0.15690477015876245,-0.28062650581327425,,,,,,,,
1,x,319.0,-0.04927581741108853,0.0021336283489711387,-0.051409445760059666,0.08326863896774626,0.006933666235540872,-0.32463702395450794,-0.5513170774380663,0.5502817945652441,13.052109035641504,-0.15027056614708884,-0.2964615582851499,9.59581428242923e-26,1.0,1.1203915957633003e-24,0.005452055167285343,"{'sigma': 0.1349996867534108, 'lam': -3.141591727432276}","{'sigma': 0.021099391681479895, 'mu': -0.14379487958733606, 'w0': 2.008056839022582, 'delta': 1.38557070780793, 'psi': 0.1}",{'sigma': 0.0401597054689966},0.0016775554360877966
1,x,320.0,0.007385900092348588,0.002078838993476109,0.005307061098872479,0.08324398687577927,0.006929561350974913,-0.32418348867848257,-0.5496656438993527,0.5505311396119098,13.409267257099916,-0.14405513788526775,-0.2944868957661208,,,,,,,,
1,x,321.0,0.13213534211030728,0.002027166589182356,0.1301081755211249,0.08421492295919422,0.007092153249023017,-0.3200927177185454,-0.5543281872647113,0.5578441044135342,11.213100480374866,-0.15053306296392335,-0.3566951197936937,,,,,,,,
1,x,322.0,-0.13256324216735121,0.001979404522224903,-0.1345426466895761,0.08526828139216956,0.007270679811574209,-0.3425584720660278,-0.5465117785723694,0.5618550709310937,14.739166886746068,-0.12773845096168876,-0.4286320139260757,,,,,,,,
1,x,323.0,-0.09979405753707918,0.0019343476766207333,-0.10172840521369991,0.08549897616383792,0.007310074925064526,-0.3127364981576097,-0.5547866582725479,0.5639264891304843,21.70809226321244,-0.08775110329315064,-0.45338568650321465,,,,,,,,
1,x,324.0,0.18985029843246312,0.0018933997302932539,0.18795689870216986,0.08740004218360524,0.0076387673736959755,-0.3312339047253797,-0.5728616537533006,0.5845777310007594,13.923377670150298,-0.06050707613422946,-0.4461242053122471,,,,,,,,
1,x,325.0,0.018046502843249965,0.0018568019613531387,0.016189700881896828,0.08737532581514183,0.007634447561302191,-0.32168071448992264,-0.5702335782503104,0.5774074222903886,13.127841575561444,-0.0736143280326212,-0.4419739639432826,,,,,,,,
1,x,326.0,-0.1936618669408928,0.0018231779066863578,-0.19548504484757914,0.08954664021775433,0.008018600774287937,-0.31521159766856677,-0.5898288319805812,0.5857230590314761,17.916353166041564,-0.12353347083723612,-0.44275854937281994,,,,,,,,
1,x,327.0,0.06907659892582553,0.0017938607911135718,0.06728273813471196,0.08952011441675924,0.008013850885189664,-0.329712407093033,-0.5876059337645124,0.600956809387411,18.051300522177375,-0.12314149860853069,-0.440535977812786,,,,,,,,
1,x,328.0,0.10058157407710534,0.0017684768810207363,0.09881309719608461,0.08987368675783725,0.00807727957144585,-0.3183334639154564,-0.5914197113205736,0.5985902135889665,16.760248615894735,-0.12502438706524951,-0.4666242013020027,,,,,,,,
1,x,329.0,-0.07485857321067235,0.0017469631111974263,-0.07660553632186978,0.09020301834991895,0.008136584519435814,-0.3286602953189205,-0.5939639658831835,0.6050673369871412,19.10311119241713,-0.1088421247211328,-0.5021819532292455,,,,,,,,
1,x,330.0,-0.06440376778684964,0.0017300010989135936,-0.06613376888576324,0.08990540661206575,0.008082982138080876,-0.31844233696343033,-0.5928270403139411,0.590451720112036,17.86324037621363,-0.11128932785223047,-0.4786114155571891,,,,,,,,
1,x,331.0,0.09465848584933392,0.0017168458438506142,0.09294164000548331,0.0903272250552773,0.008159007586186715,-0.3280784969716838,-0.5974527014524904,0.6038678129456619,15.974035759680168,-0.12068856192422081,-0.5126962314108877,,,,,,,,
1,x,332.0,0.01849108733138684,0.001708222529425844,0.016782864801961,0.08996068620090843,0.008092925061738315,-0.3170217843733527,-0.5924411735243549,0.5954926814508263,18.088820075612553,-0.10705038391312068,-0.4814497310517218,,,,,,,,
1,x,333.0,-0.16537684457075866,0.0017042375100796898,-0.16708108208083836,0.0908718225518936,0.00825768813390284,-0.33457275882367427,-0.5904555974648352,0.594734965298378,20.770292375960498,-0.1315882575879804,-0.48451448287280807,,,,,,,,
1,x,334.0,0.041625107409948306,,,,,,,,,,,,,,,,,,
1,x,335.0,0.11736513999253766,,,,,,,,,,,,,,,,,,
1,x,336.0,-0.2451301296711152,,,,,,,,,,,,,,,,,,
1,x,337.0,0.15039562583530125,,,,,,,,,,,,,,,,,,
1,x,338.0,0.16661106441465795,,,,,,,,,,,,,,,,,,
1,x,339.0,-0.31451575423058625,,,,,,,,,,,,,,,,,,
1,x,340.0,0.028643502709206126,,,,,,,,,,,,,,,,,,
1,x,341.0,0.28607696654904685,,,,,,,,,,,,,,,,,,
1,x,342.0,-0.29011275776023804,,,,,,,,,,,,,,,,,,
1,x,343.0,-0.08415856997342594,,,,,,,,,,,,,,,,,,
1,x,344.0,0.33516083646390105,,,,,,,,,,,,,,,,,,
1,x,345.0,-0.1433419941378243,,,,,,,,,,,,,,,,,,
1,x,346.0,-0.13515213864044875,,,,,,,,,,,,,,,,,,
1,x,347.0,0.47139597914452824,,,,,,,,,,,,,,,,,,
1,x,348.0,-0.22534880698168672,,,,,,,,,,,,,,,,,,
1,x,349.0,-0.12906763947675662,,,,,,,,,,,,,,,,,,
1,x,350.0,0.38556017693809297,,,,,,,,,,,,,,,,,,
1,x,351.0,-0.09467335966019051,,,,,,,,,,,,,,,,,,
1,x,352.0,-0.3761374879227273,,,,,,,,,,,,,,,,,,
1,x,353.0,0.23364670406100535,,,,,,,,,,,,,,,,,,
1,x,354.0,0.12316921377623179,,,,,,,,,,,,,,,,,,
1,x,355.0,-0.33721795540603167,,,,,,,,,,,,,,,,,,
1,x,356.0,0.2196083304389265,,,,,,,,,,,,,,,,,,
1,x,357.0,0.13580233186757132,,,,,,,,,,,,,,,,,,
1,x,358.0,-0.4479356340864511,,,,,,,,,,,,,,,,,,
1,x,359.0,0.17410099895367487,,,,,,,,,,,,,,,,,,
1,x,360.0,0.24136395416134387,,,,,,,,,,,,,,,,,,
1,x,361.0,-0.4216928952952931,,,,,,,,,,,,,,,,,,
1,x,362.0,0.15306502791613696,,,,,,,,,,,,,,,,,,
1,x,363.0,0.30701981482644863,,,,,,,,,,,,,,,,,,
1,x,364.0,-0.3321399064625351,,,,,,,,,,,,,,,,,,
1,x,365.0,-0.033874233832360524,,,,,,,,,,,,,,,,,,
1,x,366.0,0.42986145621740407,,,,,,,,,,,,,,,,,,
1,x,367.0,-0.3369220992390526,,,,,,,,,,,,,,,,,,
1,x,368.0,-0.02368909962102849,,,,,,,,,,,,,,,,,,
1,x,369.0,0.45025940567628336,,,,,,,,,,,,,,,,,,
1,x,370.0,-0.3193045768711331,,,,,,,,,,,,,,,,,,
1,x,371.0,-0.07051261622900819,,,,,,,,,,,,,,,,,,
1,x,372.0,0.46317525339680105,,,,,,,,,,,,,,,,,,
1,x,373.0,-0.22537012664437028,,,,,,,,,,,,,,,,,,
1,x,374.0,-0.24089938577269432,,,,,,,,,,,,,,,,,,
1,x,375.0,0.4104613424318917,,,,,,,,,,,,,,,,,,
1,x,376.0,-0.040077770695497596,,,,,,,,,,,,,,,,,,
1,x,377.0,-0.30913683212737036,,,,,,,,,,,,,,,,,,
1,x,378.0,0.34784886148271643,,,,,,,,,,,,,,,,,,
1,x,379.0,-0.09729346211606132,,,,,,,,,,,,,,,,,,
1,x,380.0,-0.3844341379295235,,,,,,,,,,,,,,,,,,
1,x,381.0,0.40000461786426594,,,,,,,,,,,,,,,,,,
1,x,382.0,-0.006208131847090114,,,,,,,,,,,,,,,,,,
1,x,383.0,-0.4559266390507019,,,,,,,,,,,,,,,,,,
1,x,384.0,0.22216150512117314,,,,,,,,,,,,,,,,,,
1,x,385.0,0.19829380156995827,,,,,,,,,,,,,,,,,,
1,x,386.0,-0.4716846456257662,,,,,,,,,,,,,,,,,,
1,x,387.0,0.21429238238914883,,,,,,,,,,,,,,,,,,
1,x,388.0,0.3610288184287749,,,,,,,,,,,,,,,,,,
1,x,389.0,-0.48474699703605956,,,,,,,,,,,,,,,,,,
1,x,390.0,0.14991283711404207,,,,,,,,,,,,,,,,,,
1,x,391.0,0.3745013364964781,,,,,,,,,,,,,,,,,,
1,x,392.0,-0.375761142767868,,,,,,,,,,,,,,,,,,
1,x,393.0,-0.1042419867879457,,,,,,,,,,,,,,,,,,
1,x,394.0,0.45573430009418564,,,,,,,,,,,,,,,,,,
1,x,395.0,-0.3623586665929487,,,,,,,,,,,,,,,,,,
1,x,396.0,-0.17653405881926987,,,,,,,,,,,,,,,,,,
1,x,397.0,0.43143703134082395,,,,,,,,,,,,,,,,,,
1,x,398.0,-0.26360207837958766,,,,,,,,,,,,,,,,,,
1,x,399.0,-0.2031923715932,,,,,,,,,,,,,,,,,,
1,y,0.0,0.015982297732955838,-0.00014532632652431966,0.016127624059480157,,,,,,,,,,,,,,,,
1,y,1.0,0.021931431682367768,-0.00014664495558062705,0.022078076637948394,,,,,,,,,,,,,,,,
1,y,2.0,-0.029099462453339858,-0.00014940691034590547,-0.028950055542993954,,,,,,,,,,,,,,,,
1,y,3.0,0.0213086182615123,-0.00015344590685278464,0.021462064168365085,,,,,,,,,,,,,,,,
1,y,4.0,0.027501804639932438,-0.0001589807393265728,0.02766078537925901,,,,,,,,,,,,,,,,
1,y,5.0,0.0031094565889470934,-0.0001654749925617011,0.0032749315815087943,,,,,,,,,,,,,,,,
1,y,6.0,0.031182456505552538,-0.00017334376932241628,0.03135580027487495,,,,,,,,,,,,,,,,
1,y,7.0,0.016583670381699396,-0.0001828331931930537,0.016766503574892448,,,,,,,,,,,,,,,,
1,y,8.0,0.008520930511394005,-0.00019354404819932477,0.00871447455959333,,,,,,,,,,,,,,,,
1,y,9.0,-0.02297722039984197,-0.00020539447864511244,-0.02277182592119686,,,,,,,,,,,,,,,,
1,y,10.0,-0.059373432968267637,-0.000218360620327916,-0.05915507234793972,,,,,,,,,,,,,,,,
1,y,11.0,-0.006830583205416235,-0.00023196895178063487,-0.0065986142536355995,,,,,,,,,,,,,,,,
1,y,12.0,0.024458377762654394,-0.0002472988798537227,0.024705676642508115,,,,,,,,,,,,,,,,
1,y,13.0,-0.02642685823223714,-0.0002628865653608155,-0.026163971666876326,,,,,,,,,,,,,,,,
1,y,14.0,0.04813602306724612,-0.00027938080616404646,0.048415403873410166,,,,,,,,,,,,,,,,
1,y,15.0,0.027978336042918592,-0.00029657574015543877,0.02827491178307403,,,,,,,,,,,,,,,,
1,y,16.0,-0.010062407581284155,-0.0003145237213952914,-0.009747883859888864,,,,,,,,,,,,,,,,
1,y,17.0,-0.009075387146567401,-0.0003331655152528629,-0.008742221631314539,,,,,,,,,,,,,,,,
1,y,18.0,-0.008786695770844935,-0.00035204165914487186,-0.008434654111700064,,,,,,,,,,,,,,,,
1,y,19.0,-0.03925640811522027,-0.00037146614636867557,-0.038884941968851595,,,,,,,,,,,,,,,,
1,y,20.0,-0.0016545790404738831,-0.0003914522092333029,-0.00126312683124058,,,,,,,,,,,,,,,,
1,y,21.0,-0.04286433819780468,-0.0004111016581986983,-0.042453236539605976,,,,,,,,,,,,,,,,
1,y,22.0,-0.017765327947669284,-0.0004310454640744606,-0.017334282483594823,,,,,,,,,,,,,,,,
1,y,23.0,0.09253175560895432,-0.00045107578386692265,0.09298283139282125,,,,,,,,,,,,,,,,
1,y,24.0,-0.024787845067537152,-0.0004711800318076008,-0.024316665035729552,,,,,,,,,,,,,,,,
1,y,25.0,-0.07853041549565037,-0.0004910973772370598,-0.07803931811841332,,,,,,,,,,,,,,,,
1,y,26.0,-0.008172454397894043,-0.0005110709865267048,-0.0076613834113673385,,,,,,,,,,,,,,,,
1,y,27.0,0.049282812223319816,-0.0005302105548023688,0.04981302277812218,,,,,,,,,,,,,,,,
1,y,28.0,-0.06190565958974685,-0.0005486986095447745,-0.061356960980202074,,,,,,,,,,,,,,,,
1,y,29.0,0.04959536802538191,-0.0005674283112946538,0.050162796336676564,,,,,,,,,,,,,,,,
1,y,30.0,0.07693822972710948,-0.0005853584373269425,0.07752358816443643,,,,,,,,,,,,,,,,
1,y,31.0,0.04242467829120085,-0.0006021445537549592,0.043026822844955806,,,,,,,,,,,,,,,,
1,y,32.0,-0.033904979162010206,-0.0006186593567379096,-0.033286319805272295,,,,,,,,,,,,,,,,
1,y,33.0,0.027721134331589785,-0.0006338268745845228,0.028354961206174308,,,,,,,,,,,,,,,,
1,y,34.0,-0.028651876907625554,-0.0006484004916795749,-0.02800347641594598,,,,,,,,,,,,,,,,
1,y,35.0,-0.026667705059607975,-0.0006619215750627207,-0.026005783484545256,,,,,,,,,,,,,,,,
1,y,36.0,-0.04355677761881153,-0.0006748946812960752,-0.04288188293751545,,,,,,,,,,,,,,,,
1,y,37.0,0.0069236489985254205,-0.0006858977745834476,0.007609546773108868,,,,,,,,,,,,,,,,
1,y,38.0,0.03586001113128069,-0.0006960063457926053,0.036556017477073294,,,,,,,,,,,,,,,,
1,y,39.0,0.006560066318478008,-0.0007053485502414825,0.00726541486871949,,,,,,,,,,,,,,,,
1,y,40.0,-0.04376704549757988,-0.0007129878365634271,-0.04305405766101645,,,,,,,,,,,,,,,,
1,y,41.0,-0.005304940829024602,-0.0007191488800733169,-0.004585791948951284,,,,,,,,,,,,,,,,
1,y,42.0,0.011390711995219502,-0.0007243644183360373,0.01211507641355554,,,,,,,,,,,,,,,,
1,y,43.0,-0.031696337615055595,-0.0007278496050018092,-0.030968488010053787,,,,,,,,,,,,,,,,
1,y,44.0,0.0037229126465160955,-0.0007302106908656393,0.004453123337381735,,,,,,,,,,,,,,,,
1,y,45.0,-0.000717295812445818,-0.0007317085752068683,1.4412762761050282e-05,,,,,,,,,,,,,,,,
1,y,46.0,0.007094067158498574,-0.0007316044025610445,0.007825671561059618,,,,,,,,,,,,,,,,
1,y,47.0,-0.03867053133943064,-0.0007296395945092821,-0.03794089174492136,,,,,,,,,,,,,,,,
1,y,48.0,-0.04231052748599846,-0.000726508077348178,-0.04158401940865028,,,,,,,,,,,,,,,,
1,y,49.0,-0.0279391843004151,-0.0007222428940278534,-0.027216941406387248,,,,,,,,,,,,,,,,
1,y,50.0,0.0007717750574639456,-0.000716347789736037,0.0014881228471999826,,,,,,,,,,,,,,,,
1,y,51.0,0.044130058393126274,-0.0007091266482129587,0.044839185041339234,,,,,,,,,,,,,,,,
1,y,52.0,-0.022349752579267662,-0.0007009792609049036,-0.02164877331836276,,,,,,,,,,,,,,,,
1,y,53.0,0.003731849266994944,-0.0006908644646774484,0.004422713731672393,,,,,,,,,,,,,,,,
1,y,54.0,-0.04520790166026903,-0.0006799892325113988,-0.04452791242775763,,,,,,,,,,,,,,,,
1,y,55.0,0.045282575531977745,-0.0006671057436030329,0.04594968127558078,,,,,,,,,,,,,,,,
1,y,56.0,-0.00895899380330403,-0.0006539157659597318,-0.008305078037344298,,,,,,,,,,,,,,,,
1,y,57.0,0.003540294223289096,-0.0006391568496250977,0.004179451072914194,,,,,,,,,,,,,,,,
1,y,58.0,0.020424806709061216,-0.000623184209147327,0.021047990918208543,,,,,,,,,,,,,,,,
1,y,59.0,-0.04506163022905354,-0.0006064235799991582,-0.04445520664905438,,,,,,,,,,,,,,,,
1,y,60.0,-0.0354600528616595,-0.0005883625411888234,-0.034871690320470675,,,,,,,,,,,,,,,,
1,y,61.0,0.018096905395004557,-0.0005695108773681177,0.018666416272372675,,,,,,,,,,,,,,,,
1,y,62.0,0.02359813677724968,-0.0005501261498474428,0.02414826292709712,,,,,,,,,,,,,,,,
1,y,63.0,-0.037075746240569474,-0.0005296775932268011,-0.036546068647342674,,,,,,,,,,,,,,,,
1,y,64.0,-0.004147150055337787,-0.0005081389753388151,-0.003639011079998972,,,,,,,,,,,,,,,,
1,y,65.0,0.09130714456290097,-0.00048617401711371943,0.09179331858001469,,,,,,,,,,,,,,,,
1,y,66.0,0.004390492622893343,-0.00046423111812969164,0.004854723741023035,,,,,,,,,,,,,,,,
1,y,67.0,0.017461532882510022,-0.0004408927670192234,0.017902425649529246,,,,,,,,,,,,,,,,
1,y,68.0,0.03504035669215771,-0.0004172366229210886,0.0354575933150788,,,,,,,,,,,,,,,,
1,y,69.0,-0.01609037627898698,-0.0003934386794659496,-0.01569693759952103,,,,,,,,,,,,,,,,
1,y,70.0,-0.011678975259663693,-0.0003689820643709851,-0.011309993195292708,,,,,,,,,,,,,,,,
1,y,71.0,0.07310135350760794,-0.00034441043602815696,0.0734457639436361,,,,,,,,,,,,,,,,
1,y,72.0,-0.028621254154954492,-0.00031961540913527523,-0.028301638745819216,,,,,,,,,,,,,,,,
1,y,73.0,0.008007685191686723,-0.00029473212412123187,0.008302417315807954,,,,,,,,,,,,,,,,
1,y,74.0,0.007132146391490271,-0.0002695921227633919,0.007401738514253664,,,,,,,,,,,,,,,,
1,y,75.0,0.014318106534019118,-0.0002445778385054697,0.014562684372524587,,,,,,,,,,,,,,,,
1,y,76.0,-0.036175920632289395,-0.00021983692694649092,-0.0359560837053429,,,,,,,,,,,,,,,,
1,y,77.0,-0.06445633023847006,-0.00019550548857821023,-0.06426082474989185,,,,,,,,,,,,,,,,
1,y,78.0,0.054567114392920495,-0.00017079479762559116,0.05473790919054609,,,,,,,,,,,,,,,,
1,y,79.0,-0.06727159857156756,-0.00014718643952709473,-0.06712441213204047,,,,,,,,,,,,,,,,
1,y,80.0,0.04336649320016544,-0.0001234569078213067,0.043489950107986744,,,,,,,,,,,,,,,,
1,y,81.0,-0.10192198649724424,-0.00010034704336816971,-0.10182163945387607,,,,,,,,,,,,,,,,
1,y,82.0,0.056669658969750764,-7.754673280499415e-05,0.05674720570255576,,,,,,,,,,,,,,,,
1,y,83.0,-0.039580527670284464,-5.565960532667979e-05,-0.03952486806495779,,,,,,,,,,,,,,,,
1,y,84.0,-0.017906010607660377,-3.432670167610853e-05,-0.01787168390598427,,,,,,,,,,,,,,,,
1,y,85.0,0.03922504010443697,-1.3500929336849991e-05,0.03923854103377382,,,,,,,,,,,,,,,,
1,y,86.0,0.006202655946897182,6.50623671952504e-06,0.006196149710177657,,,,,,,,,,,,,,,,
1,y,87.0,-0.008612249173830331,2.5920216253481616e-05,-0.008638169390083812,,,,,,,,,,,,,,,,
1,y,88.0,0.039354733021040214,4.389324526540275e-05,0.03931083977577481,,,,,,,,,,,,,,,,
1,y,89.0,0.021484735042144567,6.134047540063011e-05,0.02142339456674394,,,,,,,,,,,,,,,,
1,y,90.0,0.088865619651367,7.78051329351925e-05,0.0887878145184318,,,,,,,,,,,,,,,,
1,y,91.0,-0.08868598956404875,9.323952005763298e-05,-0.08877922908410638,,,,,,,,,,,,,,,,
1,y,92.0,-0.018168818774815482,0.00010724986316075491,-0.018276068637976237,,,,,,,,,,,,,,,,
1,y,93.0,-0.04392968990813968,0.00012002614671605762,-0.04404971605485574,,,,,,,,,,,,,,,,
1,y,94.0,0.0014746029846672778,0.00013243121536463988,0.001342171769302638,,,,,,,,,,,,,,,,
1,y,95.0,0.037427559720374017,0.00014356351640318674,0.03728399620397083,,,,,,,,,,,,,,,,
1,y,96.0,-0.032525826572264736,0.00015282855148397126,-0.03267865512374871,,,,,,,,,,,,,,,,
1,y,97.0,-0.016468263327950042,0.0001608702196966396,-0.016629133547646682,,,,,,,,,,,,,,,,
1,y,98.0,0.08472167115395017,0.00016838168938680502,0.08455328946456336,,,,,,,,,,,,,,,,
1,y,99.0,-0.02808541082722552,0.00017473361363868614,-0.028260144440864204,0.0394858696783631,0.0015591339042566748,-0.20923310082141441,-0.06045063486288248,0.012705041479689467,-80.97534608530857,0.14883043365512755,0.0325181850679898,2.3902361975424115e-09,0.9998634329948121,0.00013656461495185394,0.00032896574358765675,"{'sigma': 0.06534542638307396, 'lam': -3.1415926535897922}","{'sigma': 0.08778918828950566, 'mu': -0.9999913004236543, 'w0': 5.366895449235602, 'delta': 1.037946340370042, 'psi': 0.1}",{'sigma': 0.019531535446673833},0.00011962390675914798
1,y,100.0,0.050201116642788764,0.00017901196027754875,0.05002210468251121,0.039771230451936375,0.0015817507716610313,-0.2189542495331208,-0.028073664947217785,0.004906269679624573,-273.4543619726466,0.13951829124926546,-0.03481559525246847,,,,,,,,
1,y,101.0,-0.04433337356415794,0.00018195019576295598,-0.04451532375992089,0.03995852623219145,0.0015966838186487321,-0.22687256566975672,-0.022984384675785546,-0.023693148884190798,-49.44822663652782,0.17244154569110218,-0.06566543683669428,,,,,,,,
1,y,102.0,-0.022035775283166206,0.00018451399224764914,-0.022220289275413856,0.039915688805855984,0.0015932622128459364,-0.21586871064076063,-0.024590488349662664,-0.019021129066792725,-54.126543282610655,0.1699154530894329,-0.05569893855283573,,,,,,,,
1,y,103.0,-0.006462046051349284,0.0001847481773486838,-0.006646794228697968,0.03985922359104963,0.0015887577052812873,-0.2195462861114254,-0.02343054415621823,-0.025249858170560573,-39.264061829460644,0.19048980303466087,-0.03413504274588402,,,,,,,,
1,y,104.0,-0.016120752123677747,0.0001834487340546064,-0.016304200857732355,0.03978602913922937,0.0015829281146676085,-0.22015239912449217,-0.027346119271187023,-0.02423955800094366,-27.412485605058652,0.2210263866460643,-0.00466973392119442,,,,,,,,
1,y,105.0,0.08328156916265955,0.0001810108993994347,0.08310055826326011,0.04066586704302235,0.0016537127423607715,-0.22479473026690405,-0.030256173606073813,-0.03527356180149775,-62.595386502023466,0.2383875394643102,-0.0880476375199612,,,,,,,,
1,y,106.0,0.0556430855644454,0.000178106864112949,0.05546497870033245,0.04092611221908846,0.0016749466613694218,-0.19348069066138426,-0.03720193025516426,-0.032513760539253866,-101.0381388294832,0.23714669895791599,-0.13662933352990927,,,,,,,,
1,y,107.0,-0.0749903254531736,0.00017271356132017297,-0.07516303901449378,0.04157158810902344,0.001728196937906299,-0.2144424181515847,-0.07123482011544523,-0.01873660787493754,-31.474646328662555,0.23253173626478313,-0.18371720006749132,,,,,,,,
1,y,108.0,0.05868756092563449,0.00016657852135367715,0.058520982404280816,0.041985275360186744,0.0017627633470707043,-0.23351841139794613,-0.04771395516205699,0.011907944830010734,-51.25595338734967,0.218626756964678,-0.2651240867299005,,,,,,,,
1,y,109.0,0.03919833521360592,0.0001591057277656895,0.03903922948584023,0.042108693609792566,0.0017731420775233854,-0.22715144285357836,-0.06448488726622507,0.02782426258274692,-213.34449368036726,0.18182370134417605,-0.3031330282238017,,,,,,,,
1,y,110.0,-0.018697288170280213,0.00014994901210698422,-0.0188472371823872,0.04172664032991439,0.001741112513222038,-0.23517050646397233,-0.06289780774819945,0.02696097149118518,199.27973607532743,0.1858857001621825,-0.25089183006583293,,,,,,,,
1,y,111.0,-0.01928245798510607,0.0001396467985195531,-0.019422104783625622,0.04176846631202763,0.0017446047780589869,-0.23181195465125812,-0.06824271257900445,0.02195275133426296,492.15497305422866,0.19365338944694943,-0.2592929346881744,,,,,,,,
1,y,112.0,-0.05949367881515657,0.0001275582119866659,-0.05962123702714323,0.04212266384428383,0.0017743188093385363,-0.21956776438932804,-0.0681346814804627,0.004377112538772821,-55.81733240166663,0.21829364671992008,-0.29469374717403723,,,,,,,,
1,y,113.0,-0.07609296860978179,0.00011432098428958826,-0.07620728959407137,0.042724363714206536,0.0018253712547838083,-0.18301821401452942,-0.054261658319532544,0.01137896381668794,-34.14362254388058,0.18981682103405673,-0.3358995973293704,,,,,,,,
1,y,114.0,0.04056472521872788,0.00010045263400491498,0.04046427258472297,0.04263890158110591,0.0018180759280432364,-0.20671628118468735,-0.06573454912489604,0.008677229080057825,-32.1311697032857,0.19012163136254037,-0.32199624573103736,,,,,,,,
1,y,115.0,-0.040637402807025345,8.483404706516437e-05,-0.04072223685409051,0.04271828964331679,0.0018248522700503062,-0.21313696637868612,-0.04688204298763268,0.022965515711456046,-21.219272552442675,0.22691243772213393,-0.32329977452400416,,,,,,,,
1,y,116.0,-0.061261663884930415,6.747209738207252e-05,-0.06132913598231249,0.04312583132369475,0.0018598373273597708,-0.19776205278996842,-0.06026620303083107,0.04557891561182448,-17.078346237605658,0.2299866706970559,-0.3767851076438211,,,,,,,,
1,y,117.0,0.08012481581983667,4.96338278962613e-05,0.08007518199194041,0.043897895242640234,0.0019270252067338158,-0.21862813944752232,-0.07801797487769066,0.06307057568205711,-26.878883706133106,0.22406923707465423,-0.45181588256538097,,,,,,,,
1,y,118.0,-0.020484753351259172,2.991629999197186e-05,-0.020514669651251143,0.043934236407458534,0.0019302171287064551,-0.225030676666974,-0.07098305680904483,0.06564711781564972,-25.103059964534314,0.23111666554890176,-0.45756322183605896,,,,,,,,
1,y,119.0,0.03756484577733017,8.581677824991344e-06,0.03755626409950518,0.043941424811611264,0.001930848814474486,-0.22875848095305729,-0.061832031810285515,0.04946422162402141,-44.74950773290035,0.1913273206821214,-0.4740613244130928,1.2206083341020905e-14,0.9999999987599071,1.2400806240582583e-09,0.0008111256901329218,"{'sigma': 0.06776571601471178, 'lam': -3.141592515193272}","{'sigma': 0.07370243878560245, 'mu': -0.999999952104714, 'w0': 4.601575443722265, 'delta': 0.2725888818438653, 'psi': 0.1}",{'sigma': 0.020479798151972452},0.00016222513802658438
1,y,120.0,0.01634968252797193,-1.3147260325734522e-05,0.016362829788297666,0.04397444599969741,0.0019337519009803036,-0.22546818467028445,-0.063495987406441,0.05710974990039692,-54.83785414818733,0.17922770239018862,-0.4847708829199169,,,,,,,,
1,y,121.0,-0.015986976864622277,-3.6152186507171485e-05,-0.015950824678115105,0.04379865081090449,0.0019183218128555443,-0.23160649947123663,-0.04711656307693833,0.053668968983499855,-82.15443038310684,0.17146847270737192,-0.4560526762032755,,,,,,,,
1,y,122.0,0.09148203576063088,-6.082228021096802e-05,0.09154285804084185,0.044713380341423976,0.00199928638155684,-0.2309970210323329,-0.040300170024589584,0.06470403848280912,79.93842408611656,0.17635470199102843,-0.4965841538352681,,,,,,,,
1,y,123.0,-0.02157369964172995,-8.571928303723509e-05,-0.021487980358692715,0.043786245559928556,0.0019172353002343634,-0.22968439256326728,0.0003012797310662452,0.06844584944145518,-75.27202347384575,0.17042146814687661,-0.46513760058647774,,,,,,,,
1,y,124.0,0.048437288067413126,-0.00011178224741657918,0.048549070314829704,0.04398846070494503,0.0019349846751904934,-0.24781439874087005,0.02256234626141706,0.07089258140925488,292.1956128817168,0.1331655736668675,-0.5086884399222175,,,,,,,,
1,y,125.0,0.021301130945822963,-0.00013950125668748018,0.021440632202510444,0.04331584282337492,0.0018762622394993202,-0.2488088946167045,0.04144667170539849,0.054330297594858995,37.703324868736885,0.13158650990304926,-0.4752823717038803,,,,,,,,
1,y,126.0,-0.011455121119799126,-0.0001675372745479975,-0.011287583845251128,0.043325036980814455,0.00187705882938894,-0.24906597360587365,0.03537749410715901,0.05849466966973323,38.8205572929542,0.13389983919309373,-0.47698283026644134,,,,,,,,
1,y,127.0,0.011190697389843695,-0.00019691032580294082,0.011387607715646635,0.04306074611758755,0.0018542278562033308,-0.23713802473036869,0.02374561429298148,0.04111241663935966,58.57710625976345,0.14916249104721202,-0.4242689977080107,,,,,,,,
1,y,128.0,-0.022808453112014144,-0.00022712914950492934,-0.022581323962509215,0.04266636306975695,0.0018204185376003196,-0.2250882529995389,0.05344068535784088,0.05448070707476938,37.88913847209815,0.15594800463368025,-0.3786002839604569,,,,,,,,
1,y,129.0,-0.04130619373837549,-0.00025801514954780323,-0.041048178588827686,0.042587938290469717,0.0018137324878328566,-0.24488404290000323,0.039335619313940216,0.06692807553761403,196.19570409259507,0.19670231777700614,-0.3518202810583467,,,,,,,,
1,y,130.0,-0.008848935883052375,-0.00028937918379030435,-0.008559556699262071,0.04187887343470042,0.0017538400401596564,-0.2667765680158892,0.05580537828564108,0.05466205083876185,-65.35374146394355,0.20550083051354281,-0.26945037835833674,,,,,,,,
1,y,131.0,-0.04341972442458108,-0.0003218919694110439,-0.043097832455170036,0.041862600915499946,0.0017524773554104171,-0.25745823098389015,0.05833466704251486,0.06715302288000362,-27.92241720283818,0.24628621068295645,-0.2474396838843971,,,,,,,,
1,y,132.0,-0.007186532679228347,-0.0003544039023748861,-0.006832128776853461,0.0417415156573937,0.0017423541293764434,-0.25057978332989067,0.053747131622395944,0.06372758394252061,-33.87938000457219,0.23366997376909057,-0.2244212243487155,,,,,,,,
1,y,133.0,0.010435831040149838,-0.00038757758464638963,0.010823408624796228,0.04165376744775706,0.0017350363425918257,-0.24738606189597867,0.05510631328758928,0.07091477268564239,-29.64859074794684,0.24466703533614148,-0.19856844735196258,,,,,,,,
1,y,134.0,0.0017505412681347483,-0.0004217485634413748,0.002172289831576123,0.0415665500545737,0.001727778083439381,-0.2520434683175111,0.04869605532079335,0.07136494574892537,-37.75717535429443,0.22676795264468322,-0.1832566995377219,,,,,,,,
1,y,135.0,0.02794541719565802,-0.0004557371138538011,0.028401154309511824,0.04159013015763339,0.0017297389265288864,-0.2590971893985575,0.05174826376489811,0.07606955900239988,-74.9695652589359,0.1922016126121378,-0.20021867337940677,,,,,,,,
1,y,136.0,-0.007785903618923524,-0.0004902789699928372,-0.007295624648930687,0.04137390822939901,0.0017118002821747311,-0.25919687253639195,0.061386968380219835,0.07792075179071369,-209.96500424739287,0.1800758401337699,-0.15820888278284462,,,,,,,,
1,y,137.0,-0.013933704784173667,-0.0005249289049400194,-0.013408775879233647,0.04138845890103484,0.00171300453020265,-0.261192744499924,0.05870223485340563,0.08013179498858189,-102.03626574353424,0.19501518051321065,-0.15826586387476768,,,,,,,,
1,y,138.0,-0.015364289927776238,-0.0005598474922275441,-0.014804442435548694,0.04124655850740304,0.0017012785887046222,-0.2626336523307686,0.06917191019833842,0.07867164163726671,-44.93735334947644,0.2274196437707382,-0.11343880454251858,,,,,,,,
1,y,139.0,0.05371915080365494,-0.0005952147703488719,0.05431436557400381,0.041604912048355466,0.001730968706551394,-0.2642031984907318,0.06460827734700152,0.07524509848012019,-93.22662352789924,0.2107098057641453,-0.19276398848574064,4.2557967549831706e-10,0.9999962992788848,3.7002955354584227e-06,0.0015656968751866184,"{'sigma': 0.07304943345349461, 'lam': -3.141592653589793}","{'sigma': 0.026762666318698614, 'mu': -0.5898081398159398, 'w0': 2.5532716370601807, 'delta': 3.4208059718210393e-09, 'psi': 0.1}",{'sigma': 0.022118852711955773},0.00020875958335821578
1,y,140.0,0.04541786247166263,-0.0006306567106245974,0.04604851918228722,0.04163223444118608,0.0017332429445658802,-0.24841078754944088,0.06362399493587396,0.06384982141039798,93.43549686032901,0.17014094244719216,-0.21413161294759,,,,,,,,
1,y,141.0,-0.025756569169740742,-0.0006658084202007061,-0.025090760749540038,0.04170885408653345,0.0017396285092117383,-0.2530038132912966,0.05407403968294753,0.06601861835421216,173.02583487847406,0.18184441475885055,-0.23009756869663459,,,,,,,,
1,y,142.0,-0.049647844326054874,-0.0007009235748174673,-0.048946920751237404,0.04198278649654676,0.0017625543620146294,-0.24217207371251742,0.04006692434338213,0.0493833758298606,-113.67285544203068,0.20580183540578312,-0.2724285077879457,,,,,,,,
1,y,143.0,-0.010415634335036122,-0.0007354762390544003,-0.009680158095981722,0.041878710589441995,0.0017538264006342408,-0.2375507007807564,0.041540777014657734,0.04807594416991678,-267.5564679238564,0.19576977582083743,-0.25171799775633885,,,,,,,,
1,y,144.0,0.007707195447503897,-0.0007699593278444764,0.008477154775348373,0.04188489128478382,0.0017543441179381596,-0.2379217670494615,0.0386670480905312,0.047740799804273835,-358.9721493376466,0.19281349251601662,-0.2541560910905995,,,,,,,,
1,y,145.0,0.04305845726153385,-0.0008038589226695874,0.043862316184203436,0.0421127039721196,0.0017734798358433781,-0.23452363712904087,0.03615820727574291,0.035038415408452914,131.16056894892242,0.16937967778378657,-0.3106299137472849,,,,,,,,
1,y,146.0,-0.05617531299039382,-0.0008375682589422033,-0.055337744731451616,0.0424746835001326,0.0018040987384364366,-0.24434234514183123,0.03519356978775453,0.039219772986546476,-136.30442165972505,0.1870740557877162,-0.36192729823878295,,,,,,,,
1,y,147.0,0.014114259404770974,-0.0008707400337770431,0.014984999438548018,0.04232759304917471,0.0017916251333365434,-0.25801249626847217,0.03250435008173258,0.04010639493713929,195.75120964521005,0.15859474747428098,-0.33972173497605834,,,,,,,,
1,y,148.0,0.02259090982859273,-0.0009029048650738328,0.02349381469366656,0.042174759279700484,0.001778710320300682,-0.2643703084370168,0.025270127708049508,0.0566070947558535,48.743087674540824,0.1249721654312155,-0.3187793387168361,,,,,,,,
1,y,149.0,0.04966395939194842,-0.0009352358737044624,0.05059919526565288,0.04236440296187636,0.0017947426383162386,-0.2566287347549545,0.03618913350601465,0.03626792597635143,25.811848294303093,0.08658218834751467,-0.359045468738456,,,,,,,,
1,y,150.0,-0.034581638855608145,-0.0009662642698904422,-0.0336153745857177,0.04251287314329939,0.001807344382898267,-0.265011526680086,0.031673609322437624,0.03333851794550957,33.013470008703905,0.10495567945278284,-0.3886476622647288,,,,,,,,
1,y,151.0,0.031140180627704867,-0.0009965166915690633,0.03213669731927393,0.04240099395261651,0.0017978442881698223,-0.26564894072337325,0.039355622534333216,0.049117914262391725,36.6206299610586,0.10785274999196696,-0.367469517478992,,,,,,,,
1,y,152.0,-0.03885632975348177,-0.0010258177319702913,-0.037830512021511484,0.04252056835604797,0.0018079987333213478,-0.2705890006996931,0.041141982777148665,0.043602250521226966,42.8298555916587,0.1121405520140135,-0.3894625079467643,,,,,,,,
1,y,153.0,-0.04754889339116794,-0.0010545396346361242,-0.04649435375653182,0.04278612361366105,0.0018306523738834833,-0.2580696582788377,0.03200458975080998,0.05277446913951026,89.1430924766468,0.13217817389974276,-0.43368411430955217,,,,,,,,
1,y,154.0,-0.03142002670920181,-0.001081433377598057,-0.030338593331603755,0.042657843791625336,0.0018196916369507081,-0.2388377291073181,0.03654175063354647,0.04839757759701972,69.04239250242799,0.1315198175421662,-0.414023075452941,,,,,,,,
1,y,155.0,0.009926945819142321,-0.0011068907379655434,0.011033836557107865,0.04242744633349377,0.0018000882023814935,-0.23913365862603686,0.03277066067644032,0.04093482889201206,160.53141709213548,0.1466489960903003,-0.36439603639207635,,,,,,,,
1,y,156.0,-0.012965210435622177,-0.0011318853042281063,-0.011833325131394071,0.04243633008447989,0.001800842111038933,-0.23956736907304096,0.035880700932756235,0.04185144950999986,189.2522630660441,0.14894035815394596,-0.36611182914492124,,,,,,,,
1,y,157.0,0.014985496185680043,-0.0011551244298922177,0.01614062061557226,0.04246368180796639,0.0018031642726882159,-0.24110581492543698,0.03789969817508205,0.03991720099053686,125.37862602890633,0.14053911297578628,-0.37463302403875526,,,,,,,,
1,y,158.0,-0.021642128290525406,-0.0011762525876365191,-0.020465875702888887,0.04246477991360646,0.0018032575331110347,-0.23893453345729856,0.04368836968588728,0.03657707945714551,-517.9530479162062,0.16804668567888134,-0.3686058562704981,,,,,,,,
1,y,159.0,0.04053421989253876,-0.001197049265482801,0.04173126915802156,0.04242401274999662,0.0017997968578118753,-0.25372883302759835,0.05180943748623456,0.03972487465739677,54.81331717157766,0.12802257896974278,-0.3748881196428623,5.9365641898855176e-08,0.9996943933075537,0.00030554732680441993,0.001556522436583615,"{'sigma': 0.07243629610304836, 'lam': -3.1415926103032383}","{'sigma': 0.026742918157144135, 'mu': -0.6013386738198601, 'w0': 2.6031871627919725, 'delta': 7.626232978452663e-12, 'psi': 0.1}",{'sigma': 0.021899739322576876},0.00020753632487781532
1,y,160.0,-0.03286969786152623,-0.0012156749132124593,-0.03165402294831377,0.04239769963415303,0.0017975649342678603,-0.25690516334853297,0.06052911275953008,0.029367598057735318,53.005321793431655,0.12747661278141662,-0.37027225736293806,,,,,,,,
1,y,161.0,-0.025584491040731603,-0.0012320312373017184,-0.024352459803429885,0.04243577457516899,0.001800794963794559,-0.25398520870397456,0.05836143927975084,0.03286119651018872,116.88289505001474,0.15521418147239371,-0.3730623939493346,,,,,,,,
1,y,162.0,0.15849255017162575,-0.0012473669668687857,0.15973991713849453,0.04526576597282744,0.0020489895691067827,-0.2547967247120236,0.027879902060795804,0.05496025046071428,26.440184249816426,0.4821097512780971,0.5783847038025238,,,,,,,,
1,y,163.0,-0.042586409003839504,-0.001260822142478544,-0.04132558686136096,0.04530939476947861,0.002052941254376455,-0.27345985469303474,0.05230829435740565,0.06300642850334778,27.34588667337745,0.48128019500824115,0.569725783574835,,,,,,,,
1,y,164.0,-0.08480687422197943,-0.0012719633183698607,-0.08353491090360957,0.04610664474458992,0.0021258226896038214,-0.25210327838859625,-0.01778474826367192,0.0735325830347842,54.223809024291945,0.444082608049175,0.4799333445896135,,,,,,,,
1,y,165.0,0.055135077961362855,-0.001280963220889007,0.05641604118225186,0.045536455318128756,0.002073568762939937,-0.27600566591819936,-0.03789633734824119,0.09874919792815753,93.20127077289567,0.42191765603729187,0.5304398711795454,,,,,,,,
1,y,166.0,-0.0943283434974098,-0.0012884488699354507,-0.09303989462747435,0.04649097736799193,0.0021614109766311383,-0.2937421352996043,0.0004900451804417792,0.11606632073010248,-93.24182967445807,0.37612348303503684,0.45030076553915716,,,,,,,,
1,y,167.0,0.03185485179149794,-0.0012931419904724096,0.03314799378197035,0.046575743300927744,0.0021692998640339156,-0.3056266648107205,0.010765993659528345,0.1011825547737312,-131.32014414778223,0.36722306214952904,0.422066733041705,,,,,,,,
1,y,168.0,0.03290288602129085,-0.0012955339618577323,0.034198419983148584,0.04656622633383742,0.0021684134349741735,-0.29709179796789337,-0.00246133636760945,0.09850788552315186,-123.83055026292205,0.3678079193696398,0.42486867994430755,,,,,,,,
1,y,169.0,-0.027415577178858057,-0.0012963531012349788,-0.026119224077623078,0.04661329627650827,0.00217279938976154,-0.30106872271262186,-0.0012845976993517856,0.10582539038790927,-95.26527453184703,0.3721229851117343,0.4150307753449088,,,,,,,,
1,y,170.0,-0.051190389740717324,-0.0012941541238583707,-0.04989623561685895,0.04686580723835942,0.002196403888103062,-0.29285692286083564,-0.010613176038723256,0.09771117864980351,-52.99079501707141,0.37914287147659376,0.36621408625368734,,,,,,,,
1,y,171.0,0.08406072792943148,-0.0012893182284197005,0.08535004615785118,0.04707024462382866,0.002215607928947071,-0.3006364340665157,-0.024004305644841663,0.1081334870371089,-60.74987986272385,0.3890641860877583,0.35578940364495154,,,,,,,,
1,y,172.0,-0.005984148113516379,-0.0012828303128542674,-0.004701317800662112,0.04698801001277109,0.0022078730849602766,-0.296777497508804,-0.021920671366059193,0.11067996614864511,-85.67429818136627,0.3778860041053333,0.3705966234347405,,,,,,,,
1,y,173.0,-0.054332599190399664,-0.0012734134437830333,-0.05305918574661663,0.04727615742250821,0.002235035060637778,-0.2942265808438677,-0.04253723421594175,0.12315440714717843,-40.343107389089255,0.39625481126062956,0.32408002953920384,,,,,,,,
1,y,174.0,0.036078152530909936,-0.0012614448302456264,0.037339597361155566,0.04742301578896943,0.0022489424265208437,-0.3011925879883281,-0.04205796931438453,0.13900812864457893,-53.743699670223684,0.37855709629420736,0.2762079254494577,,,,,,,,
1,y,175.0,0.042752499377352045,-0.0012467249480433678,0.043999224325395415,0.04760829505895184,0.002266549758420218,-0.28989606129937046,-0.04797580539861879,0.13479854862373047,-79.60612147216449,0.36330406934293696,0.22252977062938512,,,,,,,,
1,y,176.0,-0.03218656501477896,-0.0012292699066281426,-0.03095729510815082,0.04757296262846566,0.00226318677324939,-0.308223719043282,-0.04484825265559634,0.13202754755618237,-85.23258909472108,0.3624902444108021,0.2292448801868284,,,,,,,,
1,y,177.0,0.011761235408724372,-0.0012096230495219394,0.01297085845824631,0.04714631474962248,0.00222277499447047,-0.29817059693234693,-0.06318852496080052,0.14846068744548768,231.08554653646345,0.3484318960441063,0.28898736019299864,,,,,,,,
1,y,178.0,0.1131078111011179,-0.0011863571626314956,0.11429416826374938,0.04820093402010937,0.0023233300404109374,-0.2713268751535654,-0.0884537220861529,0.19729081016344982,61.058048696433126,0.408776776832155,0.2952514155391917,,,,,,,,
1,y,179.0,-0.1070893241433733,-0.001160542983092136,-0.10592878116028116,0.048907860257925755,0.0023919787950087935,-0.30100659486872067,-0.1273157303155036,0.22781840809218673,125.00387393376602,0.3353052652376532,0.32067212628208414,2.336784926042072e-10,0.999999862037663,1.3772865826976973e-07,0.0010524206449638559,"{'sigma': 0.07680790625996921, 'lam': -3.141592627272909}","{'sigma': 0.020972158697531107, 'mu': -0.40475103025263226, 'w0': 2.2996153547680716, 'delta': 0.5474534999776958, 'psi': 0.1}",{'sigma': 0.02283754706754833},0.0002806455053236949
1,y,180.0,-0.026728122524319196,-0.0011328918806208482,-0.025595230643698348,0.04878724426037893,0.0023801952025218763,-0.2699353664861305,-0.14892633588520202,0.23575656062654302,-157.53299585040713,0.37262678633120205,0.3699192441469332,,,,,,,,
1,y,181.0,0.051383081802120034,-0.0011017775517275024,0.052484859353847536,0.04796244244108099,0.002300395884914007,-0.25671027966674925,-0.1917403977144743,0.25076876737487924,39.205652791171005,0.40612634128286257,0.3491736819626458,,,,,,,,
1,y,182.0,-0.0006243260355880632,-0.0010675795030122106,0.00044325346742414735,0.04763912090401422,0.0022694858405072843,-0.24798941401852784,-0.18789795994861516,0.23783202369835763,73.24414295320715,0.43473290613928695,0.4449579693504207,,,,,,,,
1,y,183.0,-0.0393514392450263,-0.0010309666565604869,-0.03832047258846581,0.04762888772763248,0.0022685109461714195,-0.25161468880454524,-0.18966518770678129,0.24316980879348526,72.97139083553012,0.43479231403673524,0.446895131588302,,,,,,,,
1,y,184.0,-0.023553715788353174,-0.0009912861693618853,-0.022562429618991287,0.04765011661068183,0.0022705336130115768,-0.2439512845551151,-0.1890082046865357,0.23551634095810028,79.91911740393455,0.436610384609416,0.4427604735377591,,,,,,,,
1,y,185.0,-0.04689654470352244,-0.0009487956244879017,-0.04594774907903454,0.04772288449819697,0.0022774737048282486,-0.23938992616123803,-0.17831886773966701,0.2295726112963787,-180.0954746532956,0.4741279846417436,0.4602269985857993,,,,,,,,
1,y,186.0,-0.059554757065953964,-0.0009039250598197367,-0.058650832006134225,0.04808053883825746,0.0023117382149771843,-0.2243176988031818,-0.17226668890826313,0.2370252912202173,-52.11639530908358,0.4859446364622591,0.4059827659290537,,,,,,,,
1,y,187.0,-0.026565019589842895,-0.0008556610337033766,-0.025709358556139518,0.048140366405684296,0.002317494877673537,-0.21520309570585672,-0.1654534745042028,0.24726350418220408,-43.681038324060374,0.4935439289038639,0.3966412947160338,,,,,,,,
1,y,188.0,-0.018659706306404476,-0.0008043945003401585,-0.017855311806064318,0.04800125839540941,0.0023041208075428622,-0.21789623938011932,-0.17954289656284342,0.27014980187246396,-28.534254049212464,0.5279146709082151,0.4576203480481051,,,,,,,,
1,y,189.0,0.08199464227609492,-0.0007510066010735255,0.08274564887716844,0.04867931379463777,0.002369675591516811,-0.2336698939518301,-0.180296693448798,0.24416073151417272,-45.19337947844167,0.5193102604475444,0.3297607942809739,,,,,,,,
1,y,190.0,-0.047024950979354996,-0.0006946271909630441,-0.04633032378839195,0.04804633202237435,0.0023084500208042347,-0.21884804050932566,-0.17220438268678778,0.271326612038314,-19.723133845022506,0.5510806703511117,0.4539559127734476,,,,,,,,
1,y,191.0,-0.045262539026521595,-0.0006346942304804149,-0.04462784479604118,0.04743870686414686,0.0022504309089424546,-0.218743029382754,-0.20636232935216126,0.2788229047589897,-23.697966734352647,0.5998568189841298,0.5016214747674632,,,,,,,,
1,y,192.0,0.019834167723269534,-0.0005726616573837368,0.02040682938065327,0.047457705397958266,0.002252233801639397,-0.2261646919154465,-0.20952906082788275,0.28633238681481377,-29.262815876610418,0.5756494372070469,0.4762139939214993,,,,,,,,
1,y,193.0,-0.004465595750707594,-0.0005082945284148317,-0.003957301222292762,0.04725969611982847,0.00223347887733853,-0.22681100036990115,-0.2020874256878151,0.2811481382717703,-38.51224968186273,0.5647072199663618,0.5086422700774562,,,,,,,,
1,y,194.0,0.06610202727358334,-0.0004405000805155372,0.06654252735409888,0.04773479093453407,0.0022786102655636756,-0.22658562987874553,-0.1936247165783082,0.2641391571056656,-82.17952686092387,0.5349408066512981,0.3778850033018401,,,,,,,,
1,y,195.0,0.017689099547416973,-0.00037005878947122346,0.018059158336888197,0.04762171402515244,0.0022678276466934003,-0.2144510858633209,-0.19160770392296836,0.2558248762314724,-61.19119959068849,0.5467357921255322,0.4162500062516149,,,,,,,,
1,y,196.0,-0.11017502552779909,-0.00029800570289574774,-0.10987701982490335,0.04876571964160709,0.0023780954121638237,-0.22037396800153444,-0.2085057590714797,0.24766909081520844,-31.365906845255292,0.44336892811909784,0.3985908848126773,,,,,,,,
1,y,197.0,0.059971307732188714,-0.00022283808076733173,0.06019414581295605,0.04912020578277803,0.00241279461614246,-0.23917309277745186,-0.204256564664101,0.2666631859185377,-62.15066665344936,0.4061822197928906,0.2965371162000999,,,,,,,,
1,y,198.0,0.0582205770903494,-0.0001446292762408753,0.058365206366590275,0.04873210904007845,0.0023748184514940955,-0.21399296609187324,-0.24866101621633546,0.29142056464227073,-46.17617853493626,0.3960932703546445,0.338720251205714,,,,,,,,
1,y,199.0,-0.019474540439169054,-6.440455491555546e-05,-0.0194101358842535,0.04868911715204611,0.0023706301290456703,-0.2125387492956183,-0.2580412642407786,0.2907936717818015,-50.2341691167513,0.39289083829211957,0.3469667760030693,7.631385251207252e-18,0.9999999999999967,3.2876017687481796e-15,0.0006756105384617894,"{'sigma': 0.07971638978718071, 'lam': -3.1415919685290628}","{'sigma': 0.025114802675406667, 'mu': -0.48568243515027654, 'w0': 2.102512881585552, 'delta': 4.577917445125479e-08, 'psi': 0.1}",{'sigma': 0.023539736263692105},0.0002252035128205966
1,y,200.0,-0.13787336993460372,1.7883533505373998e-05,-0.1378912534681091,0.05032359833313206,0.002532464549194412,-0.1864118883847638,-0.2770932129370729,0.24474728178911453,-17.657478056565854,0.249485225060702,0.5390865244998111,,,,,,,,
1,y,201.0,0.08237783994975958,0.0001031694087608784,0.08227467054099871,0.05084237203554483,0.002584946794200751,-0.2265310237664022,-0.28172508718933104,0.25826297372607987,-32.120254807048866,0.21884308866483754,0.44322983546601064,,,,,,,,
1,y,202.0,0.01949794714417588,0.00019038410009283055,0.01930756304408305,0.050836694851262285,0.0025843695434003573,-0.2174275321825244,-0.2831825454219247,0.2678696099804209,-43.54177121302201,0.19531599417581244,0.4376838303047237,,,,,,,,
1,y,203.0,0.02664945615759952,0.0002790903420714676,0.02637036581552805,0.05090394226064958,0.002591211337675546,-0.21538240090750968,-0.272062859542742,0.24482030906455374,-60.85905377330373,0.17623096584234976,0.4148728065608667,,,,,,,,
1,y,204.0,0.016751928169888294,0.00037083821468390825,0.016381089955204386,0.05090462653782309,0.002591281002955243,-0.21099830812944695,-0.26863790454229464,0.2454587043786177,-100.26582339621262,0.157250485724125,0.41023107891253496,,,,,,,,
1,y,205.0,-0.04919637568276726,0.0004645813075551246,-0.049660956990322386,0.050447157931951495,0.0025449157434112566,-0.2364626823690931,-0.2539034633737799,0.22480905708653062,-27.529503335091675,0.1863458969393011,0.48655551276010206,,,,,,,,
1,y,206.0,0.026867552614705068,0.000559440832273908,0.02630811178243116,0.05019981403351464,0.002520021328999453,-0.2275548188638191,-0.26878796965197976,0.2199941626813308,-23.676572497285168,0.1937470878369134,0.5456109500432726,,,,,,,,
1,y,207.0,0.012617940691410402,0.0006568127572473542,0.011961127934163047,0.049662003016786124,0.002466314543639274,-0.21171178182168146,-0.26160066804856097,0.2180726462230084,-39.91644954774828,0.18021196053545308,0.6388528491829586,,,,,,,,
1,y,208.0,0.0213779674188116,0.0007564868710526634,0.020621480547758936,0.04934949852103725,0.0024353730042778574,-0.22253003710064714,-0.25615728082665157,0.21862774029818552,-30.514551872770898,0.19022444301453295,0.7181797010925802,,,,,,,,
1,y,209.0,-0.007609036333754897,0.0008573483169807399,-0.008466384650735638,0.04918826562819149,0.002419485475509524,-0.22088523658492135,-0.25440741869091194,0.22981237239864435,-23.58789157133947,0.21605961557949782,0.7717732143738092,,,,,,,,
1,y,210.0,0.014138082677410133,0.0009592021624589742,0.013178880514951159,0.04917847404509922,0.002418522309404498,-0.2228197745424855,-0.2590790144118961,0.22783704466264576,-27.990586674411052,0.19697938119428074,0.7691584997163746,,,,,,,,
1,y,211.0,-0.06387480539980508,0.0010635656996694745,-0.06493837109947456,0.04955813425532736,0.002456008670869051,-0.23087310927933477,-0.2639665527309198,0.22362308577727802,-22.49689011512184,0.19917383773469433,0.6884345544199661,,,,,,,,
1,y,212.0,0.098608454492909,0.001169184793977082,0.09743926969893192,0.05018684503479833,0.0025187194145468617,-0.27303610559598823,-0.2457710453890795,0.2083176556069439,-80.70351705189314,0.1911515917581645,0.6152264723392762,,,,,,,,
1,y,213.0,-0.06794956478065184,0.0012753409163196244,-0.06922490569697147,0.05008459989730806,0.0025084671468734304,-0.28429303924190974,-0.2392498829973427,0.18641046317248763,-92.67497318865335,0.1971332917435084,0.6261384823156442,,,,,,,,
1,y,214.0,-0.010530616160466839,0.001383422581749915,-0.011914038742216753,0.049930799513103814,0.002493084740017768,-0.27339494632838657,-0.2316973273309099,0.17728475498449298,-47.490443071047885,0.22544859915386847,0.6767298315150407,,,,,,,,
1,y,215.0,-0.0027964328709382262,0.0014921232403393922,-0.004288556111277618,0.04976717308543136,0.0024767715169152836,-0.28637273776554056,-0.21842486320732968,0.1693701863094466,-73.95082638115112,0.21069576264122467,0.715219376061364,,,,,,,,
1,y,216.0,0.030263885464208263,0.0016019801703454205,0.02866190529386284,0.04946260228790738,0.0024465490250917,-0.2719288212822664,-0.22661656593975027,0.17058019259564833,204.15560902893293,0.18044433468260684,0.7702404026639553,,,,,,,,
1,y,217.0,0.002377624278225087,0.0017125111770501342,0.0006651131011749529,0.048809181781539805,0.002382336226183397,-0.26832345007588615,-0.24320293789840483,0.16719396432554393,-91.19921787616956,0.1933363063889357,0.9178134615488887,,,,,,,,
1,y,218.0,-0.01675191926528212,0.001824046668286384,-0.018575965933568504,0.04880135699393546,0.0023815724444495334,-0.2659319399001802,-0.24373350393845214,0.16627207073910552,-98.02133455621502,0.19240932706343755,0.9199582185285604,,,,,,,,
1,y,219.0,0.012196442463490602,0.0019353510549126672,0.010261091408577935,0.04866512696431489,0.002368294582452888,-0.27018643870045594,-0.24201096850211246,0.15577112869609108,-64.75312689452602,0.20654687738044816,0.9659081491361843,3.69641410532006e-18,0.9999999999999984,1.5854840990134568e-15,0.0008011021915274642,"{'sigma': 0.08592167465005086, 'lam': -3.141592651808026}","{'sigma': 0.02562421069524201, 'mu': -0.4516811417508567, 'w0': 1.9553216875311512, 'delta': 9.87108506045331e-10, 'psi': 0.1}",{'sigma': 0.025376339812949615},0.00026703406384248824
1,y,220.0,-0.01331874270204858,0.0020478699396638605,-0.015366612641712442,0.04865877745756571,0.002367676623664905,-0.26986349103083784,-0.25200848994310954,0.1573484257567305,-46.419813778911745,0.225869688714532,0.9738411139258947,,,,,,,,
1,y,221.0,0.05470539587932501,0.002161050997264297,0.052544344882060716,0.04892223396801312,0.0023933849764210167,-0.270458360000901,-0.24960535853352528,0.15629016791049752,-143.3369901733415,0.19292567603985583,0.8893103908684774,,,,,,,,
1,y,222.0,-0.05740412639035117,0.0022738036067754853,-0.05967792999712665,0.04840027238694589,0.002342586367130557,-0.2773742386634726,-0.2701426678416928,0.14597013976349874,-26.445767641947587,0.20593058629284927,0.9724010394337581,,,,,,,,
1,y,223.0,0.044196657870932424,0.0023869329787425952,0.04180972489218983,0.04854926705230681,0.0023570313313162035,-0.2824559336364831,-0.2556744862984381,0.14191270002003653,-41.40778094348083,0.17214377490404595,0.9187470666212448,,,,,,,,
1,y,224.0,0.038438841704640854,0.002499908719073696,0.035938932985567155,0.0484359885920925,0.0023460449908933147,-0.2802685517320078,-0.2617375461200863,0.14740031051585165,-38.065089678864304,0.17491544441938267,0.9502401802716566,,,,,,,,
1,y,225.0,-0.0035374737199367306,0.00261254544149185,-0.00615001916142858,0.04838574156824625,0.0023411799871091133,-0.2796003733253765,-0.26323502270421034,0.15004260417969978,-31.81518951664913,0.19188341324970343,0.97092145949878,,,,,,,,
1,y,226.0,-0.059363969076952364,0.0027256850774793895,-0.06208965415443175,0.0487577685279325,0.002377319991823445,-0.2756958956930208,-0.2712801693101389,0.13567314243639542,-24.37978339185733,0.19945866108558874,0.8823093106298632,,,,,,,,
1,y,227.0,-0.10547542379493065,0.0028376057605261603,-0.10831302955545681,0.04988871758579176,0.002488884142354888,-0.23974690267520396,-0.2615864357063059,0.1158208799780116,-15.754725977516697,0.15896548445154232,0.7696543376671379,,,,,,,,
1,y,228.0,0.07349009759001554,0.002949676778590644,0.07054042081142489,0.05038475997464141,0.0025386240377022274,-0.266910401509333,-0.27578650629821266,0.10987404255881272,-22.864728403278882,0.13029653538340763,0.6558248420168112,,,,,,,,
1,y,229.0,0.08706943816279177,0.003060764997811298,0.08400867316498047,0.05095440538664761,0.0025963514283068234,-0.23785958167086965,-0.31006199798849754,0.08566695002620739,-55.39451834451235,0.10503027188736826,0.5597917362248921,,,,,,,,
1,y,230.0,-0.0732869164544484,0.0031701782802245676,-0.07645709473467296,0.051508954184732024,0.0026531723612048226,-0.2588107041580722,-0.32513537648043717,0.11507200559441208,-32.92936756459443,0.10933069342640125,0.45999396475663407,,,,,,,,
1,y,231.0,-0.09248017951477752,0.003279782477317552,-0.09575996199209508,0.05220385364064946,0.00272524233493435,-0.2265724284416212,-0.3449374601593824,0.08665201861800069,-25.405436989952218,0.08032438770728047,0.3873674190136843,,,,,,,,
1,y,232.0,0.06475969473469577,0.0033879816339908763,0.06137171310070489,0.052583578438607066,0.002765032721409142,-0.24288784508170527,-0.35648373014283463,0.10596683362381795,-39.3776022265999,0.05689565251029047,0.30633737863041277,,,,,,,,
1,y,233.0,0.11008154212888835,0.0034942226995981216,0.10658731942929023,0.053666858538289,0.0028801317053687233,-0.21215068656359476,-0.38194216807126136,0.07290773644689141,-158.35107833280824,0.08243517930465619,0.2069534985979446,,,,,,,,
1,y,234.0,-0.10357030290784708,0.003600263050535239,-0.10717056595838231,0.054719347293390765,0.0029942069682147112,-0.24372439910168792,-0.39535218528577204,0.10592746237969868,-39.306514571474416,0.06218164844720015,0.11901459617946905,,,,,,,,
1,y,235.0,-0.042786688986477805,0.0037044284601126347,-0.046491117446590444,0.05481972121521848,0.003005201834114275,-0.2221089220712871,-0.4019764182931603,0.09643867490158022,-26.111590986870898,0.09627340737728127,0.10381521563105013,,,,,,,,
1,y,236.0,0.1584427512299086,0.0038065130111451847,0.15463623821876343,0.05701399654594986,0.0032505958021415825,-0.2355848140969366,-0.4330908611984309,0.14824327361331882,-130.42098419650947,0.21297584079631304,0.22280537372788195,,,,,,,,
1,y,237.0,-0.04443454532526352,0.003907054697393455,-0.04834160002265698,0.05720039669378438,0.0032718853819262987,-0.24945163566311432,-0.4233039446982003,0.1636229437035585,-77.07266061482278,0.22369543716399695,0.19045567069603633,,,,,,,,
1,y,238.0,-0.05743764817848559,0.00400625822151955,-0.06144390640000514,0.057504393590854595,0.003306755282251919,-0.2371421615881456,-0.43316596202918334,0.16999279402205833,-49.44931990734932,0.23310164414549137,0.14219123178909426,,,,,,,,
1,y,239.0,-0.02017441757361683,0.004102656098577824,-0.024277073672194657,0.057272547492332654,0.003280144696261499,-0.24185343336159995,-0.426581175617894,0.1619762817366194,-30.114421704492532,0.2678301134282641,0.19970427069837443,2.80419620858986e-15,0.9999999999984537,1.5434202798138249e-12,0.0004303985444247663,"{'sigma': 0.09068394055869541, 'lam': -3.141592653589534}","{'sigma': 0.026770528013400963, 'mu': -0.44655782076651684, 'w0': 1.9331430266391085, 'delta': 1.2885072220303329e-07, 'psi': 0.1}",{'sigma': 0.026873254471886394},0.0002869323629498443
1,y,240.0,0.11986592910067347,0.0041960520674999904,0.11566987703317347,0.05827851545546491,0.0033963853636928627,-0.2421599741990254,-0.4327369721231367,0.1429824646007476,-50.35511069990474,0.29693498845703203,0.136657071922377,,,,,,,,
1,y,241.0,-0.07707998513299948,0.004288957038189649,-0.08136894217118912,0.05877881197733961,0.003454948737467443,-0.2669886589748851,-0.42396125347108854,0.1560942698599791,-35.184574218107834,0.2934809430137057,0.07562909459594061,,,,,,,,
1,y,242.0,0.04555377762341762,0.0043789851140604305,0.04117479250935719,0.05874263210588616,0.0034506968267274873,-0.2758278890260549,-0.399425776653288,0.16014801340356002,-81.74952322058769,0.25640879377735415,0.0643127579965201,,,,,,,,
1,y,243.0,-0.007915783543456664,0.004465433147811704,-0.01238121669126837,0.05874723799961897,0.0034512379725838756,-0.2762773807237312,-0.3930407520884108,0.1522886510652495,-84.70268155588045,0.25771509354930133,0.06382455888809264,,,,,,,,
1,y,244.0,-0.03003146610361277,0.004550254507536799,-0.03458172061114957,0.05883386907016672,0.00346142414976552,-0.2768525844483522,-0.3956825776693825,0.15808070255937892,-54.93581044035702,0.27704308211733325,0.054489490169194695,,,,,,,,
1,y,245.0,0.13988608185419868,0.004632181338261304,0.1352539005159374,0.06023958025367852,0.003628807029139375,-0.2769101353849084,-0.3928478045694708,0.16764498847108014,-586.6709125083712,0.3279756897442354,0.03068415261144894,,,,,,,,
1,y,246.0,-0.09556274124653165,0.004710524108913976,-0.10027326535544562,0.06081652415865271,0.003698649610739989,-0.3024115343700737,-0.3757852830175446,0.17782054621758334,-122.47700252267394,0.3035312048775735,-0.006908619596492554,,,,,,,,
1,y,247.0,-0.05159191557274368,0.0047863334643670746,-0.05637824903711076,0.06104422362135739,0.003726397237534288,-0.2836545161530224,-0.3887353705655047,0.1837247824202077,-52.91553071619044,0.3280910896035593,-0.0304265340450713,,,,,,,,
1,y,248.0,0.18073916573058313,0.004858986734211832,0.1758801789963713,0.06353346623146108,0.004036501331384206,-0.3011171055619566,-0.4130258637500626,0.23435482264823793,148.4891097188932,0.4424036779683036,0.12553615898045206,,,,,,,,
1,y,249.0,0.012173458690018736,0.004928180300619139,0.007245278389399598,0.06333034479348859,0.004010732571662148,-0.28255496825186205,-0.41910829448861664,0.2355056627732354,1195.7884739951373,0.46230234221753375,0.17544069800948414,,,,,,,,
1,y,250.0,-0.07690629643532897,0.00499383523693839,-0.08190013167226735,0.06376627661035167,0.004066138032747882,-0.2798419795937214,-0.439111646338441,0.241328006984607,-172.2084476022418,0.45621131423365413,0.1284315699397368,,,,,,,,
1,y,251.0,0.13999085175055895,0.005056659188739747,0.1349341925618192,0.06512327256139593,0.0042410406291058635,-0.2960054861451725,-0.4247220570560881,0.28859804981167086,90.67299030029533,0.4727254930160486,0.03972020081474172,,,,,,,,
1,y,252.0,-0.0443148822811808,0.005115232600552509,-0.04943011488173331,0.06520131155168048,0.004251211028059303,-0.3100519425253064,-0.41406103724243426,0.28823551493895005,98.24863950389944,0.4740177088978209,0.030542456778860496,,,,,,,,
1,y,253.0,-0.11139447560897486,0.005170392393042974,-0.11656486800201783,0.06607358746200441,0.004365718960099146,-0.2951019519978042,-0.4355074546688054,0.3036789927398082,2624.055749179238,0.4353065437187492,-0.01229023573014385,,,,,,,,
1,y,254.0,0.12282052072664143,0.0052216266102846735,0.11759889411635675,0.067058598773919,0.00449685566952145,-0.3167182460799412,-0.4424409845634191,0.33082402626726176,42.7782740353679,0.40672558599578235,-0.12526389921717523,,,,,,,,
1,y,255.0,0.0035594965350384295,0.005268968408091816,-0.0017094718730533867,0.06705047006162806,0.004495765535485281,-0.3121014514832288,-0.43545415229456075,0.33078322994365383,44.584069935990385,0.41265113210418913,-0.12058758826428329,,,,,,,,
1,y,256.0,-0.09436104417041628,0.005312814652602745,-0.09967385882301903,0.06778325674162756,0.004594569894501398,-0.3079029799515341,-0.45079274237094696,0.3499862908669286,98.24335397151114,0.40601166121182947,-0.175310036803009,,,,,,,,
1,y,257.0,0.10811329131926478,0.005351950513467217,0.10276134080579756,0.06854740195295575,0.004698746314500082,-0.32282464882949724,-0.448525534973864,0.3688758758260048,42.28109458285554,0.38900092085964477,-0.2694867235416203,,,,,,,,
1,y,258.0,0.014089833658967021,0.005387544238018337,0.008702289420948684,0.06851997678854382,0.004694987219102585,-0.31618321216105677,-0.4475067112273484,0.3680865164733255,34.63140741535765,0.37674455379000343,-0.2718475635089765,,,,,,,,
1,y,259.0,-0.12527503848765234,0.0054183460656272615,-0.1306933845532796,0.06963596427229966,0.0048491675201329945,-0.31094658803485425,-0.4619231998999603,0.3820244536985184,217.30166106292225,0.3634662186930761,-0.2803261566184984,6.175512762435963e-13,0.9999999999494888,4.989372931854499e-11,0.0006224337990767301,"{'sigma': 0.10446173262277335, 'lam': -3.141591646622652}","{'sigma': 0.03131207391961488, 'mu': -0.42975486941212093, 'w0': 1.8604031502676381, 'delta': 6.57621923583207e-09, 'psi': 0.1}",{'sigma': 0.031037617736691874},0.0004787952300590231
1,y,260.0,0.08252216294258119,0.005445095235308458,0.07707706770727273,0.07000168045143751,0.004900235266025167,-0.326497225366624,-0.45965462575562616,0.39102313082088613,47.478846345056645,0.3254512120210572,-0.3449520675736219,,,,,,,,
1,y,261.0,-0.03834251749445702,0.005467985549199762,-0.04381050304365678,0.07009705221952235,0.0049135967298664434,-0.3318527229984612,-0.4418108150075213,0.3881279290476374,52.04727088565643,0.3305372527844912,-0.3546233417896385,,,,,,,,
1,y,262.0,-0.02464659309934572,0.005486368223753251,-0.03013296132309897,0.06826902317490924,0.004660659525256294,-0.3241811901350732,-0.43008497804972196,0.3809422974868717,-140.87836509632012,0.3095916140679312,-0.34120707005858114,,,,,,,,
1,y,263.0,-0.018491388756120792,0.005500524516244719,-0.023991913272365512,0.06819034856730212,0.004649923637730163,-0.3323859034558229,-0.42414121643773584,0.37026500417806607,-279.8754848773007,0.30450513363390147,-0.3328125133578006,,,,,,,,
1,y,264.0,0.07188763316372573,0.005510562755452266,0.06637707040827347,0.06802548848580206,0.004627467083731988,-0.32716952369744834,-0.45004355424769105,0.3707007355626072,51.4059551840799,0.26748416131841707,-0.3449481396623146,,,,,,,,
1,y,265.0,-0.06926704971232561,0.005515448192615451,-0.07478249790494107,0.06818335645974813,0.0046489700981170775,-0.3271256203218496,-0.44983356822815423,0.3702558324095033,860.0486306420474,0.3051996580536978,-0.3382035651726853,,,,,,,,
1,y,266.0,0.053464317681276914,0.005516532493482456,0.04794778518779446,0.06773228760307323,0.004587662783945427,-0.32882810088828235,-0.4366696194844895,0.36516103609856665,43.49606069279645,0.27692920147115013,-0.3231998959467608,,,,,,,,
1,y,267.0,0.06701314810997724,0.005512995997424457,0.06150015211255279,0.06793282486704097,0.00461486869441606,-0.32337581468297577,-0.4412825504947772,0.37618380948818514,35.58950630835715,0.2682418865547054,-0.353809515957031,,,,,,,,
1,y,268.0,-0.08266674910574554,0.0055044935111582425,-0.08817124261690377,0.06841043937887063,0.004679988216010135,-0.32987953350205723,-0.44380028887264117,0.3819437884872355,90.83945310560988,0.2940924186457634,-0.3807427593446641,,,,,,,,
1,y,269.0,0.08325852002534449,0.005492076301533198,0.0777664437238113,0.0688166506073671,0.004735731400816437,-0.34351350301529177,-0.4273992263218219,0.3868971585665351,37.001527690082035,0.2587924604968543,-0.4434662227508147,,,,,,,,
1,y,270.0,0.024111445923110677,0.0054748147085341755,0.018636631214576503,0.06865798563171677,0.004713918991005026,-0.3324484069318174,-0.4288958304733294,0.3841267701554419,26.277037813233747,0.23415128808490435,-0.4321388880250277,,,,,,,,
1,y,271.0,0.018460298686033227,0.005453230134564584,0.013007068551468642,0.06813369560310908,0.004642200476537126,-0.33353488953697447,-0.4185410160099155,0.37496407670796583,34.81810500349344,0.25223733586933544,-0.36468902805764825,,,,,,,,
1,y,272.0,0.04745072910295566,0.0054272029760084614,0.0420235261269472,0.06826299416169378,0.0046598363719194385,-0.3331784298648576,-0.41613531043836477,0.3801082788479001,27.401700735838496,0.23230459398288036,-0.3906443563343637,,,,,,,,
1,y,273.0,-0.03878292988275901,0.005397257850785932,-0.04418018773354494,0.06819874926078848,0.0046510694007358975,-0.3331059495161215,-0.41347649894393,0.3753242234051129,25.767540660195948,0.2310457998200866,-0.3837790566656598,,,,,,,,
1,y,274.0,-0.06425099401728195,0.0053620022325929955,-0.06961299624987494,0.06845018925021318,0.00468542840839,-0.32880641005574807,-0.4154061273990362,0.37090272889474035,41.65155046762187,0.2637288773480387,-0.39700350385379346,,,,,,,,
1,y,275.0,0.038523427992401944,0.0053230084525834375,0.033200419539818504,0.068387337567993,0.004676827939638627,-0.32991473697899526,-0.4195570553450282,0.3679240427681234,42.71245326775932,0.2676622602969315,-0.38665155236462273,,,,,,,,
1,y,276.0,0.00141582721079795,0.005280433288628694,-0.003864606077830744,0.0683206009196412,0.004667704510020878,-0.329234722062682,-0.41591153319888857,0.36511887438062773,35.26890881550684,0.25718677599797024,-0.38081246492509413,,,,,,,,
1,y,277.0,0.0928101665352119,0.0052330712988946666,0.08757709523631724,0.06887546043273933,0.004743829049821841,-0.33528984611875096,-0.40713263228063173,0.34777738774659345,25.067286774433214,0.23941397553521215,-0.4498888842087866,,,,,,,,
1,y,278.0,0.0023995120884956053,0.005181834666385183,-0.0027823225778895776,0.06790362215190979,0.004610901901349333,-0.31498048398454276,-0.40676797668945053,0.3397100984681503,41.39101186684483,0.2536550227653315,-0.36469200841727717,,,,,,,,
1,y,279.0,0.03397612867618585,0.005127023612744501,0.02884910506344135,0.06713373864090841,0.004506938863905798,-0.3251110132769611,-0.39101828155318874,0.34356466916573886,22.00244261193321,0.24124539366167508,-0.32365811298890107,1.6781975222176955e-12,0.9999999999330189,6.53029491636985e-11,0.006015846264925153,"{'sigma': 0.1127592942506022, 'lam': -3.1415916172999228}","{'sigma': 0.01963974867598206, 'mu': -0.19125954058748662, 'w0': 2.0431346769333274, 'delta': 1.2151746562436794, 'psi': 0.1}",{'sigma': 0.033824718250181476},0.0009255148099884838
1,y,280.0,0.01882941561885157,0.005067390825574761,0.013762024793276808,0.06709565084656657,0.00450182636252437,-0.322090224026673,-0.39129598254514536,0.3417843272164029,19.133175896758615,0.22437621782978728,-0.32328680163026674,,,,,,,,
1,y,281.0,0.04904342544901885,0.0050045532955151064,0.044038872153503744,0.06703510729958964,0.0044937056106674955,-0.3210081147072484,-0.3845690384354808,0.34484683518162684,19.24430581278714,0.2268761491783338,-0.314032254219958,,,,,,,,
1,y,282.0,0.09961896894320482,0.00493848374412122,0.0946804851990836,0.0676916885985207,0.004582164705319097,-0.30868816021276085,-0.37817673540356656,0.3481743406302185,15.090193362116826,0.20536711779213285,-0.39343918790409493,,,,,,,,
1,y,283.0,-0.0699738137856613,0.004868096334990191,-0.07484191012065149,0.06800685956792701,0.0046249329482917455,-0.3223042506788212,-0.38811562107132147,0.34018361961886867,16.271207520986053,0.20642513973717103,-0.4228712752594276,,,,,,,,
1,y,284.0,0.05055187575673611,0.004794530439614771,0.045757345317121334,0.06810879520362308,0.004638807984089069,-0.3304542127696586,-0.3797765615166924,0.34192398780264305,13.841454074478916,0.17811482702421633,-0.44509768218917384,,,,,,,,
1,y,285.0,-0.01725070061588518,0.004718651995477681,-0.02196935261136286,0.06798077901702343,0.0046213863157613735,-0.3405242255908491,-0.37715668812086606,0.33201344166921987,13.030383870040856,0.17147063616632643,-0.43016160875822557,,,,,,,,
1,y,286.0,-0.015389128558660507,0.004638614424806259,-0.020027742983466768,0.06774128593199617,0.004588881819720463,-0.34442169404367934,-0.38290748786970874,0.3482105076054239,11.971061521205337,0.16292501037894974,-0.40321038752045485,,,,,,,,
1,y,287.0,-0.1347789535160944,0.004555673425587478,-0.13933462694168186,0.06915757476707986,0.004782770147664241,-0.3315779962161723,-0.36472435367222805,0.32498199729432736,15.111078360501056,0.1151835009448993,-0.4210808380559024,,,,,,,,
1,y,288.0,0.037967170881678024,0.004470796541429493,0.03349637434024853,0.06920397034965678,0.004789189512156175,-0.33277669975501944,-0.3689415191850976,0.321416675914285,13.45626016567076,0.09348804540141967,-0.4310453336321498,,,,,,,,
1,y,289.0,0.1287603067871903,0.004382626154369715,0.12437768063282059,0.06981780584647419,0.004874526013215965,-0.31370959449564484,-0.3871718154544099,0.30948367054301684,12.444044862863894,0.11243756573423407,-0.4440889986927581,,,,,,,,
1,y,290.0,-0.14398067426527172,0.004291917785956761,-0.14827259205122847,0.07126437593944529,0.005078611278038588,-0.345364954159429,-0.38723541805554285,0.3400697201538375,15.355450870646344,0.05556638550227229,-0.43911731670633714,,,,,,,,
1,y,291.0,-0.004840467464715078,0.004199215900092898,-0.009039683364807975,0.07112149007682532,0.005058266350747962,-0.33335143423694713,-0.3852058650656896,0.34752786855997786,14.096853909762622,0.043325531273350724,-0.4206470407419019,,,,,,,,
1,y,292.0,0.2621538767527092,0.0041038788526370435,0.25804999790007216,0.0755850235744638,0.005713095788752247,-0.3185158845675328,-0.43020937537333953,0.3813623235474191,10.120644628596587,0.34202783761428246,0.37195310321321123,,,,,,,,
1,y,293.0,-0.205440249313557,0.004007493157835209,-0.20944774247139222,0.07853960520257915,0.006168469585376998,-0.381070055882399,-0.4098284829011505,0.41969103680029063,14.388091122876109,0.17803656502961793,0.4799401002704349,,,,,,,,
1,y,294.0,-0.08795693060695728,0.003908712266996409,-0.09186564287395368,0.07882092479349706,0.006212738185302119,-0.33512583301444737,-0.41669577454873424,0.41431443052207045,20.11731422717034,0.21461161065872378,0.46130678833635325,,,,,,,,
1,y,295.0,0.1371062898017302,0.003808555100431871,0.13329773470129833,0.079916808952165,0.00638669635309684,-0.3481836319248854,-0.4436260171979642,0.4410648053074474,15.63245718004337,0.20906802279810052,0.3385338916160498,,,,,,,,
1,y,296.0,-0.03224135649438992,0.0037071000139825357,-0.03594845650837245,0.07921464880279706,0.006274960584950477,-0.34499953711259634,-0.42952467175575654,0.43778864010660623,13.445416730122107,0.21368859857683023,0.411519781003279,,,,,,,,
1,y,297.0,-0.13243169550534561,0.0036046942896757746,-0.1360363897950214,0.080189799685869,0.006430403973659797,-0.3383281648263981,-0.44539363584377867,0.47067158239229884,20.211452887784883,0.22414492835681993,0.35520975710476255,,,,,,,,
1,y,298.0,0.08352115139368683,0.003501483635335157,0.08001966775835168,0.08037717727637893,0.006460490626918444,-0.3479997574623866,-0.4427500696410522,0.474732789551384,19.044250026321215,0.22050249929626936,0.32810583106382485,,,,,,,,
1,y,299.0,0.12295710208721343,0.0033975134746970525,0.11955958861251638,0.08122590526263887,0.0065976476857351855,-0.33751822056309916,-0.4566361309382783,0.4627030964705412,14.389344840402792,0.193874099034537,0.22111762718439223,2.3027862695167243e-14,0.9999999999989,1.0769146930103478e-12,0.006008574323645039,"{'sigma': 0.11496294651630751, 'lam': -3.141592593617481}","{'sigma': 0.02242829734281515, 'mu': -0.2226737388470177, 'w0': 2.0284383501885648, 'delta': 1.0644866808678644, 'psi': 0.1}",{'sigma': 0.034469736816833844},0.0009243960497915431
1,y,300.0,-0.08348058077735565,0.003293393309955495,-0.08677397408731115,0.08049473995581025,0.006479403160553514,-0.3375575333506716,-0.46599958311443185,0.4852376418950631,13.006533713567501,0.2199818223950953,0.255263928861971,,,,,,,,
1,y,301.0,0.018502509025033486,0.0031894959908542768,0.015313013034179208,0.08010134953627523,0.00641622619753254,-0.34131916200387824,-0.4639953737879955,0.4852022611123552,14.432573346443302,0.23866328234437242,0.3188015640390922,,,,,,,,
1,y,302.0,0.09307358075269599,0.003084612551301396,0.0899889682013946,0.08056826722347954,0.006491245683394007,-0.3382306863435068,-0.4711615337064257,0.49581673266621357,12.817512953658264,0.2211121341359885,0.24723671716061008,,,,,,,,
1,y,303.0,-0.1607603261493938,0.0029800506367638844,-0.1637403767861577,0.08222438697316997,0.006760849813113603,-0.35222450289352003,-0.4640851496231802,0.5045800989622877,18.637810230444487,0.1934309660637122,0.18044800209540804,,,,,,,,
1,y,304.0,0.03645981141819922,0.0028767910970849096,0.03358302032111431,0.08227579264878476,0.006769306055985824,-0.3523735461424599,-0.45735671260896105,0.5046840177541325,17.85198082952532,0.18726137233862686,0.17087970873577818,,,,,,,,
1,y,305.0,0.07861745061969003,0.002774325632212067,0.07584312498747796,0.08245631756879399,0.006799044307005804,-0.34596734764750775,-0.4645694515256155,0.5122868862146679,14.006711256146192,0.14957967023597293,0.1373212682317303,,,,,,,,
1,y,306.0,-0.09610091203893442,0.002671704827583033,-0.09877261686651745,0.08303039226248872,0.006894046039262746,-0.3535635274236702,-0.46671567176992207,0.5230800478786617,17.828277166119918,0.17393741261037837,0.08156738156497277,,,,,,,,
1,y,307.0,0.04645456711621889,0.002570752845954094,0.0438838142702648,0.0831352750727357,0.006911473961419429,-0.35724564373967943,-0.4593257154910089,0.5239452259274541,16.64171122156265,0.16294058685693982,0.06365222916311175,,,,,,,,
1,y,308.0,0.006526500507962801,0.0024715723466567055,0.004054928161306096,0.08311239977741036,0.006907670996760082,-0.35641244772501757,-0.4569480197221987,0.525810571978232,17.14689413431352,0.16904307948547168,0.06847415264108503,,,,,,,,
1,y,309.0,-0.0035530293840801024,0.0023738724651867042,-0.005926901849266806,0.08310989929203069,0.006907255360331484,-0.3563225745763957,-0.45913801113429586,0.5279570481755602,17.004089135298997,0.16813198216513073,0.06863884824669919,,,,,,,,
1,y,310.0,0.05657043129661538,0.0022780794506467713,0.05429235184596861,0.08327269878860676,0.006934342363538028,-0.3561024743131266,-0.4628714624370651,0.5328348407153433,15.676438385994018,0.15471503756633148,0.042455796455972965,,,,,,,,
1,y,311.0,-0.0664929131186114,0.0021842858042033855,-0.06867719892281479,0.08330358598871199,0.006939487438578733,-0.3537136389152946,-0.470505189411608,0.5310513093727763,15.759928973951745,0.15498824563337132,0.03915154045169269,,,,,,,,
1,y,312.0,0.1355798296481661,0.002093044441234287,0.1334867852069318,0.08380035591475317,0.007022499651439307,-0.3551937382017147,-0.45464753823593523,0.527496019763032,14.817502252244509,0.1639746873166928,0.010345051379194604,,,,,,,,
1,y,313.0,0.09907203872635219,0.0020037554023025653,0.09706828332404963,0.08402931709353506,0.007060926131205864,-0.3333757245857192,-0.46211481737815485,0.5352017640752921,11.470460829067399,0.12332479551921571,-0.023593236614569014,,,,,,,,
1,y,314.0,-0.16683495239359214,0.0019180808617901743,-0.16875303325538232,0.08576224725535253,0.007355163054288224,-0.3473326778677631,-0.4785948266420625,0.5395917411889436,14.882378424301699,0.08880227509131529,-0.0857444358751352,,,,,,,,
1,y,315.0,0.03114512616018868,0.001834919127051008,0.02931020703313767,0.0858041693176239,0.00736235547228747,-0.3464751789494676,-0.4716938199861957,0.5375990262106793,14.061447861646029,0.07703040087604145,-0.0928574450006614,,,,,,,,
1,y,316.0,0.05414858687678938,0.0017546802867838738,0.05239390659000551,0.08591117885660642,0.007380730652531817,-0.34391752359670025,-0.47270193553194456,0.5398576031525956,13.548664474585452,0.07005146862710955,-0.10746838975792619,,,,,,,,
1,y,317.0,-0.06262757034831158,0.0016780675279616766,-0.06430563787627326,0.08616910379983712,0.007425114449667104,-0.3469905275317504,-0.47355251615246124,0.542928423356749,15.141609391052203,0.08774183537048673,-0.1368264261579884,,,,,,,,
1,y,318.0,0.01921933641752668,0.001604976609148836,0.017614359808377843,0.08615921083831114,0.007423409612280553,-0.3471913397370034,-0.4723100534883671,0.5456754573967765,14.239793801337298,0.07511267336693277,-0.1369150796746126,,,,,,,,
1,y,319.0,0.03378622518119186,0.0015354650145567987,0.03225076016663506,0.08620847253302592,0.007431900736477486,-0.3461674888757826,-0.47473036399960744,0.5485941673901715,13.757054984600682,0.06761050316178878,-0.14426485858692212,9.83953258608929e-31,1.0,1.8383011890234744e-29,0.004905489632483819,"{'sigma': 0.13846899595233475, 'lam': -3.1415911801710714}","{'sigma': 0.024963127208438296, 'mu': -0.1766832326536888, 'w0': 1.989030675972811, 'delta': 1.2241712994725986, 'psi': 0.1}",{'sigma': 0.04149231154356924},0.0015093814253796356
1,y,320.0,-0.056507971875269083,0.0014696459252057123,-0.05797761780047479,0.08640152893885794,0.007465224202972307,-0.3470248479097309,-0.4775483041178291,0.5527016187322913,14.808476317038991,0.07885157448669795,-0.16655204032808985,,,,,,,,
1,y,321.0,0.028997912890269945,0.001408459779260193,0.027589453111009753,0.0862895268286894,0.0074458824403191085,-0.34538766384236824,-0.4800807725544913,0.5519440019248434,15.470935852327013,0.08619344471892762,-0.1515387853788639,,,,,,,,
1,y,322.0,0.09371052656456448,0.0013507176826003302,0.09235980888196416,0.08653841320755565,0.007488896960481641,-0.33815067989481035,-0.4823825852689391,0.5530339180742307,12.207987988274613,0.04721913070550236,-0.18035183788650294,,,,,,,,
1,y,323.0,-0.14684305651863633,0.001297503287073999,-0.14814055980571034,0.08775620243760081,0.007701151066269175,-0.3516612621417982,-0.4802890694054334,0.5610426539136557,16.9469983642617,0.05790991365391925,-0.24220080821043047,,,,,,,,
1,y,324.0,0.0027996451544424583,0.0012482883990682775,0.0015513567553741808,0.08768603657221712,0.007688841009744199,-0.3465310243242569,-0.47636668368316,0.5709512090272325,18.18502286254822,0.06941314869381049,-0.2322935104574911,,,,,,,,
1,y,325.0,0.150396086670714,0.0012041919766677415,0.14919189469404626,0.08892791709683442,0.007908174439181457,-0.3430703840710303,-0.49636702201433097,0.5798504932394739,13.979700266881983,0.06091028041841224,-0.31206826524616876,,,,,,,,
1,y,326.0,-0.029344108427567704,0.0011646941685731391,-0.030508802596140843,0.08875246197512418,0.007876999506645863,-0.3574079428339755,-0.4931980430287805,0.5883124197328393,13.32336211821881,0.05380914411746448,-0.2936797762070685,,,,,,,,
1,y,327.0,-0.11640883961764978,0.0011297641523568326,-0.1175386037700066,0.08887375810690937,0.007898544880045438,-0.34264707930348676,-0.49878924526852947,0.5785336602251632,13.564200781798137,0.05132881868996496,-0.2988816483668858,,,,,,,,
1,y,328.0,0.02839038875495114,0.0010994790141723298,0.02729090974077881,0.0886448816222536,0.007857915037823356,-0.35298355441768897,-0.49595500780092727,0.5890435790230587,14.529363288782413,0.062250778300366384,-0.2724307905592634,,,,,,,,
1,y,329.0,0.035672278785141155,0.001074087216912784,0.034598191568228374,0.08832137882865018,0.0078006659581939366,-0.34606698364077887,-0.49073688388548126,0.5844427128045432,15.80805168962824,0.07238032461893562,-0.23709657073309665,,,,,,,,
1,y,330.0,-0.18059514407809277,0.0010538954951144583,-0.18164903957320722,0.08987445612683687,0.008077417864094725,-0.35942622270570435,-0.48302356683119346,0.6120296027688482,19.910020975115895,0.023786378251151506,-0.24939848738649598,,,,,,,,
1,y,331.0,-0.012485537800408845,0.0010391409035328742,-0.01352467870394172,0.08935812125999198,0.007984873835115432,-0.34374831351048374,-0.4761644009244869,0.6058786953466291,16.815675090245797,0.008932709236686261,-0.19851903122832967,,,,,,,,
1,y,332.0,0.07216720937284202,0.0010290668880629178,0.0711381424847791,0.08942955651604746,0.007997645578656927,-0.3553176664854564,-0.4773747397851102,0.6124152724927897,16.597750658818082,0.007343501506195295,-0.2060054850381273,,,,,,,,
1,y,333.0,-0.018082499953344416,0.0010233011833265704,-0.019105801136670986,0.08881988345093665,0.007888971696237972,-0.34639369341145115,-0.47434762354561993,0.5964445924556684,21.62955781448837,0.03365334175339742,-0.1461505791256521,,,,,,,,
1,y,334.0,-0.2370162551071201,,,,,,,,,,,,,,,,,,
1,y,335.0,0.15242229379297118,,,,,,,,,,,,,,,,,,
1,y,336.0,-0.03669993539017459,,,,,,,,,,,,,,,,,,
1,y,337.0,-0.24394291646731184,,,,,,,,,,,,,,,,,,
1,y,338.0,0.23481550770039708,,,,,,,,,,,,,,,,,,
1,y,339.0,0.11016633479830745,,,,,,,,,,,,,,,,,,
1,y,340.0,-0.3634817404949696,,,,,,,,,,,,,,,,,,
1,y,341.0,0.19030254482192685,,,,,,,,,,,,,,,,,,
1,y,342.0,0.17658768485737533,,,,,,,,,,,,,,,,,,
1,y,343.0,-0.3026243019948771,,,,,,,,,,,,,,,,,,
1,y,344.0,0.08801586754118662,,,,,,,,,,,,,,,,,,
1,y,345.0,0.21877083337138728,,,,,,,,,,,,,,,,,,
1,y,346.0,-0.28414888510363906,,,,,,,,,,,,,,,,,,
1,y,347.0,-0.022462110586867354,,,,,,,,,,,,,,,,,,
1,y,348.0,0.3074126151549728,,,,,,,,,,,,,,,,,,
1,y,349.0,-0.35793051111243807,,,,,,,,,,,,,,,,,,
1,y,350.0,-0.006245085301044923,,,,,,,,,,,,,,,,,,
1,y,351.0,0.35344554671740064,,,,,,,,,,,,,,,,,,
1,y,352.0,-0.17082964939702056,,,,,,,,,,,,,,,,,,
1,y,353.0,-0.22324163655570994,,,,,,,,,,,,,,,,,,
1,y,354.0,0.33238476839095044,,,,,,,,,,,,,,,,,,
1,y,355.0,-0.13895810289281058,,,,,,,,,,,,,,,,,,
1,y,356.0,-0.26503628384712735,,,,,,,,,,,,,,,,,,
1,y,357.0,0.3967553991993414,,,,,,,,,,,,,,,,,,
1,y,358.0,-0.08901817944133344,,,,,,,,,,,,,,,,,,
1,y,359.0,-0.3593548424766505,,,,,,,,,,,,,,,,,,
1,y,360.0,0.3090232791087025,,,,,,,,,,,,,,,,,,
1,y,361.0,0.033248757240268684,,,,,,,,,,,,,,,,,,
1,y,362.0,-0.3438786769689655,,,,,,,,,,,,,,,,,,
1,y,363.0,0.27590951797188296,,,,,,,,,,,,,,,,,,
1,y,364.0,0.19943231889249996,,,,,,,,,,,,,,,,,,
1,y,365.0,-0.4221911175587641,,,,,,,,,,,,,,,,,,
1,y,366.0,0.1589193873224264,,,,,,,,,,,,,,,,,,
1,y,367.0,0.22419147026651262,,,,,,,,,,,,,,,,,,
1,y,368.0,-0.43756465598627553,,,,,,,,,,,,,,,,,,
1,y,369.0,0.1517150561155752,,,,,,,,,,,,,,,,,,
1,y,370.0,0.28461812045863316,,,,,,,,,,,,,,,,,,
1,y,371.0,-0.4211027321792802,,,,,,,,,,,,,,,,,,
1,y,372.0,0.09414047702516279,,,,,,,,,,,,,,,,,,
1,y,373.0,0.3574564425588917,,,,,,,,,,,,,,,,,,
1,y,374.0,-0.3477707862044152,,,,,,,,,,,,,,,,,,
1,y,375.0,-0.03482716577358193,,,,,,,,,,,,,,,,,,
1,y,376.0,0.4199076236915426,,,,,,,,,,,,,,,,,,
1,y,377.0,-0.2499445020057633,,,,,,,,,,,,,,,,,,
1,y,378.0,-0.09174034680831682,,,,,,,,,,,,,,,,,,
1,y,379.0,0.4347872518869029,,,,,,,,,,,,,,,,,,
1,y,380.0,-0.26351725795569864,,,,,,,,,,,,,,,,,,
1,y,381.0,-0.21303822170504957,,,,,,,,,,,,,,,,,,
1,y,382.0,0.4645704503334501,,,,,,,,,,,,,,,,,,
1,y,383.0,-0.12275938585859224,,,,,,,,,,,,,,,,,,
1,y,384.0,-0.34765986354663486,,,,,,,,,,,,,,,,,,
1,y,385.0,0.41635503747093194,,,,,,,,,,,,,,,,,,
1,y,386.0,0.02608490480249587,,,,,,,,,,,,,,,,,,
1,y,387.0,-0.40350214550679253,,,,,,,,,,,,,,,,,,
1,y,388.0,0.396262638823977,,,,,,,,,,,,,,,,,,
1,y,389.0,0.07877701891933814,,,,,,,,,,,,,,,,,,
1,y,390.0,-0.4269039143145269,,,,,,,,,,,,,,,,,,
1,y,391.0,0.2682468502057237,,,,,,,,,,,,,,,,,,
1,y,392.0,0.25195832497066034,,,,,,,,,,,,,,,,,,
1,y,393.0,-0.45062349131118173,,,,,,,,,,,,,,,,,,
1,y,394.0,0.10413192965167344,,,,,,,,,,,,,,,,,,
1,y,395.0,0.3229925999757904,,,,,,,,,,,,,,,,,,
1,y,396.0,-0.4570353397384885,,,,,,,,,,,,,,,,,,
1,y,397.0,0.09689757646710503,,,,,,,,,,,,,,,,,,
1,y,398.0,0.41149046400653616,,,,,,,,,,,,,,,,,,
1,y,399.0,-0.4552031827625846,,,,,,,,,,,,,,,,,,
2,x,0.0,0.03575488662118263,0.0012189409251296603,0.03453594569605297,,,,,,,,,,,,,,,,
2,x,1.0,0.011377364211084857,0.0012162924746736362,0.010161071736411221,,,,,,,,,,,,,,,,
2,x,2.0,-0.010803187301747633,0.001209555054460939,-0.012012742356208571,,,,,,,,,,,,,,,,
2,x,3.0,0.029786323323801364,0.0011999948888312935,0.02858632843497007,,,,,,,,,,,,,,,,
2,x,4.0,-0.02848551772835021,0.0011871534827557371,-0.029672671211105946,,,,,,,,,,,,,,,,
2,x,5.0,-0.0049026926135275475,0.0011709030333223389,-0.006073595646849886,,,,,,,,,,,,,,,,
2,x,6.0,0.06762379726514675,0.001151654181834281,0.06647214308331247,,,,,,,,,,,,,,,,
2,x,7.0,0.03247159463445145,0.0011292174688769345,0.03134237716557452,,,,,,,,,,,,,,,,
2,x,8.0,-0.035009474727954105,0.0011033290684695676,-0.036112803796423676,,,,,,,,,,,,,,,,
2,x,9.0,-0.05015463816304526,0.0010743387298110861,-0.05122897689285635,,,,,,,,,,,,,,,,
2,x,10.0,0.048208454881680275,0.0010425056728344444,0.04716594920884583,,,,,,,,,,,,,,,,
2,x,11.0,0.017113504404535063,0.001007291600297029,0.016106212804238036,,,,,,,,,,,,,,,,
2,x,12.0,-0.022560912124808697,0.0009693255788475424,-0.02353023770365624,,,,,,,,,,,,,,,,
2,x,13.0,0.03092729210615157,0.0009280290971891284,0.02999926300896244,,,,,,,,,,,,,,,,
2,x,14.0,-0.02576753678852029,0.0008832442260166038,-0.026650781014536894,,,,,,,,,,,,,,,,
2,x,15.0,-0.022808132938960366,0.0008360794064004428,-0.023644212345360807,,,,,,,,,,,,,,,,
2,x,16.0,-0.025483310567575985,0.0007856971029804795,-0.026269007670556465,,,,,,,,,,,,,,,,
2,x,17.0,0.015810939693491774,0.0007329989351754738,0.0150779407583163,,,,,,,,,,,,,,,,
2,x,18.0,-0.00035830157916337145,0.0006767031464007444,-0.0010350047255641157,,,,,,,,,,,,,,,,
2,x,19.0,-0.03071198849479238,0.0006179022748520116,-0.03132989076964439,,,,,,,,,,,,,,,,
2,x,20.0,0.033932453163794424,0.0005566720950299536,0.033375781068764473,,,,,,,,,,,,,,,,
2,x,21.0,-0.02056037979953592,0.0004923345468027443,-0.021052714346338666,,,,,,,,,,,,,,,,
2,x,22.0,-0.0049565230412481984,0.0004251881928336043,-0.0053817112340818025,,,,,,,,,,,,,,,,
2,x,23.0,-0.0005233773662134296,0.0003560234167047931,-0.0008794007829182227,,,,,,,,,,,,,,,,
2,x,24.0,-0.016402536452135057,0.0002840290736423886,-0.016686565525777446,,,,,,,,,,,,,,,,
2,x,25.0,-0.004214732525312663,0.0002094795261940035,-0.004424212051506666,,,,,,,,,,,,,,,,
2,x,26.0,-0.010128222325182736,0.00013287401081960812,-0.010261096336002345,,,,,,,,,,,,,,,,
2,x,27.0,-0.025264174853536586,5.377497960048499e-05,-0.02531794983313707,,,,,,,,,,,,,,,,
2,x,28.0,-0.0033434967963982707,-2.7636901061997197e-05,-0.0033158598953362734,,,,,,,,,,,,,,,,
2,x,29.0,0.017213937251643555,-0.00011118282653596854,0.017325120078179525,,,,,,,,,,,,,,,,
2,x,30.0,-0.005998230169937145,-0.00019637047810799457,-0.005801859691829151,,,,,,,,,,,,,,,,
2,x,31.0,0.03070421989164119,-0.0002839086827624039,0.030988128574403594,,,,,,,,,,,,,,,,
2,x,32.0,-0.02650946254058363,-0.00037264110526209586,-0.026136821435321533,,,,,,,,,,,,,,,,
2,x,33.0,0.02261168363941359,-0.00046340102631295605,0.023075084665726546,,,,,,,,,,,,,,,,
2,x,34.0,0.03842882275146635,-0.0005553892211691661,0.03898421197263551,,,,,,,,,,,,,,,,
2,x,35.0,-0.012969577421588234,-0.0006493149866877695,-0.012320262434900465,,,,,,,,,,,,,,,,
2,x,36.0,-0.03273631672235135,-0.0007446220774429907,-0.03199169464490836,,,,,,,,,,,,,,,,
2,x,37.0,0.0765732732637486,-0.0008403626773819748,0.07741363594113058,,,,,,,,,,,,,,,,
2,x,38.0,-0.019962205608302044,-0.0009379262073339104,-0.019024279400968135,,,,,,,,,,,,,,,,
2,x,39.0,-0.043502753170222466,-0.0010360881451898837,-0.04246666502503258,,,,,,,,,,,,,,,,
2,x,40.0,0.06596805482036058,-0.0011351588959232974,0.06710321371628387,,,,,,,,,,,,,,,,
2,x,41.0,-0.016225215431403588,-0.0012351169149315262,-0.014990098516472062,,,,,,,,,,,,,,,,
2,x,42.0,0.06943798950414004,-0.0013354198894519184,0.07077340939359196,,,,,,,,,,,,,,,,
2,x,43.0,-0.011466244816697287,-0.001436061743850843,-0.010030183072846444,,,,,,,,,,,,,,,,
2,x,44.0,0.024299055969213165,-0.0015370452245566186,0.02583610119376978,,,,,,,,,,,,,,,,
2,x,45.0,-0.027187550573525978,-0.0016381357410186989,-0.025549414832507278,,,,,,,,,,,,,,,,
2,x,46.0,0.02719419491577175,-0.0017393856675057657,0.028933580583277517,,,,,,,,,,,,,,,,
2,x,47.0,0.06883038358505175,-0.0018398021679465265,0.07067018575299829,,,,,,,,,,,,,,,,
2,x,48.0,-0.00036535579268414075,-0.0019403779657233963,0.0015750221730392556,,,,,,,,,,,,,,,,
2,x,49.0,0.0005522876595151016,-0.0020404385614637022,0.002592726220978804,,,,,,,,,,,,,,,,
2,x,50.0,-0.027139664959937887,-0.0021399132956608246,-0.02499975166427706,,,,,,,,,,,,,,,,
2,x,51.0,-0.004038451349870463,-0.002238505244369125,-0.0017999461055013375,,,,,,,,,,,,,,,,
2,x,52.0,0.002072894244321534,-0.0023362222402398118,0.004409116484561345,,,,,,,,,,,,,,,,
2,x,53.0,-0.05723081068887244,-0.002432731256313578,-0.05479807943255886,,,,,,,,,,,,,,,,
2,x,54.0,-0.00966731383009882,-0.0025277386263144056,-0.007139575203784414,,,,,,,,,,,,,,,,
2,x,55.0,-0.00965269175764868,-0.0026218124468389416,-0.007030879310809738,,,,,,,,,,,,,,,,
2,x,56.0,0.035421306226975736,-0.002714719652212372,0.03813602587918811,,,,,,,,,,,,,,,,
2,x,57.0,-0.06351831599754111,-0.0028053978310020947,-0.060712918166539016,,,,,,,,,,,,,,,,
2,x,58.0,-0.027464812472925607,-0.002894206317795446,-0.02457060615513016,,,,,,,,,,,,,,,,
2,x,59.0,-0.008492248702897899,-0.0029810904235924264,-0.005511158279305472,,,,,,,,,,,,,,,,
2,x,60.0,-0.05403509389469007,-0.0030664140458530995,-0.05096867984883697,,,,,,,,,,,,,,,,
2,x,61.0,0.013275546857612265,-0.0031497810339664624,0.016425327891578727,,,,,,,,,,,,,,,,
2,x,62.0,-0.06477403219318278,-0.00323088708591981,-0.06154314510726298,,,,,,,,,,,,,,,,
2,x,63.0,-0.007346097702962822,-0.0033097445982153053,-0.0040363531047475166,,,,,,,,,,,,,,,,
2,x,64.0,0.0432816507575103,-0.003386530339883516,0.04666818109739382,,,,,,,,,,,,,,,,
2,x,65.0,0.02448952381110812,-0.0034609290007785827,0.027950452811886704,,,,,,,,,,,,,,,,
2,x,66.0,0.0015696827767428733,-0.0035327287651210786,0.005102411541863952,,,,,,,,,,,,,,,,
2,x,67.0,0.011170650379073431,-0.003601950604349131,0.014772600983422562,,,,,,,,,,,,,,,,
2,x,68.0,0.009398927338901264,-0.0036686236139987535,0.013067550952900018,,,,,,,,,,,,,,,,
2,x,69.0,0.037151984344068925,-0.003732919310153615,0.04088490365422254,,,,,,,,,,,,,,,,
2,x,70.0,0.017282636977554833,-0.0037947323466174946,0.021077369324172326,,,,,,,,,,,,,,,,
2,x,71.0,-0.06332580867253235,-0.0038530810424501015,-0.059472727630082246,,,,,,,,,,,,,,,,
2,x,72.0,0.047116090487439706,-0.003909011986539874,0.05102510247397958,,,,,,,,,,,,,,,,
2,x,73.0,-0.016675789716528885,-0.00396262085531429,-0.012713168861214595,,,,,,,,,,,,,,,,
2,x,74.0,-0.05884647329713704,-0.004013194962731021,-0.054833278334406016,,,,,,,,,,,,,,,,
2,x,75.0,-0.0516754220214124,-0.004062057493344443,-0.047613364528067956,,,,,,,,,,,,,,,,
2,x,76.0,-0.07442883991871647,-0.004107750633747174,-0.0703210892849693,,,,,,,,,,,,,,,,
2,x,77.0,-0.027874081732009514,-0.004150387447078272,-0.023723694284931242,,,,,,,,,,,,,,,,
2,x,78.0,0.04123813199210408,-0.004191402672289968,0.04542953466439405,,,,,,,,,,,,,,,,
2,x,79.0,-0.02611165673816817,-0.004229867138476461,-0.021881789599691708,,,,,,,,,,,,,,,,
2,x,80.0,-0.026512368926116303,-0.004265465133233431,-0.022246903792882872,,,,,,,,,,,,,,,,
2,x,81.0,-0.009622883735465076,-0.0042989442044807525,-0.005323939530984324,,,,,,,,,,,,,,,,
2,x,82.0,0.002807983310529245,-0.00433064793629629,0.007138631246825535,,,,,,,,,,,,,,,,
2,x,83.0,-0.03211854910975187,-0.004359679594864823,-0.027758869514887048,,,,,,,,,,,,,,,,
2,x,84.0,0.059139775673144386,-0.004386851794365651,0.06352662746751003,,,,,,,,,,,,,,,,
2,x,85.0,0.008585397547210976,-0.004412438491421527,0.012997836038632502,,,,,,,,,,,,,,,,
2,x,86.0,-0.004695403604403165,-0.004435737469550817,-0.0002596661348523476,,,,,,,,,,,,,,,,
2,x,87.0,-0.06986395371266159,-0.004457452732526261,-0.06540650098013533,,,,,,,,,,,,,,,,
2,x,88.0,0.05902105583431637,-0.004477595376921853,0.06349865121123822,,,,,,,,,,,,,,,,
2,x,89.0,-0.05991587793036842,-0.00449639856641873,-0.05541947936394969,,,,,,,,,,,,,,,,
2,x,90.0,0.0011000657623991376,-0.004513244980354829,0.005613310742753967,,,,,,,,,,,,,,,,
2,x,91.0,0.032805839137202975,-0.004529394527278296,0.03733523366448127,,,,,,,,,,,,,,,,
2,x,92.0,-0.08334553052540503,-0.004544096564938902,-0.07880143396046613,,,,,,,,,,,,,,,,
2,x,93.0,0.03535291627282936,-0.004557570077193096,0.03991048635002246,,,,,,,,,,,,,,,,
2,x,94.0,0.05055863907819313,-0.004570731321267296,0.05512937039946043,,,,,,,,,,,,,,,,
2,x,95.0,-0.108163418890897,-0.004582776982365261,-0.10358064190853175,,,,,,,,,,,,,,,,
2,x,96.0,0.01780262785655895,-0.004593779682268104,0.022396407538827053,,,,,,,,,,,,,,,,
2,x,97.0,-0.05826764806964834,-0.004604877362940685,-0.053662770706707656,,,,,,,,,,,,,,,,
2,x,98.0,0.010392824228781001,-0.00461521592334123,0.015008040152122232,,,,,,,,,,,,,,,,
2,x,99.0,-0.017872553006826497,-0.004625060091939346,-0.013247492914887152,0.037257037922138456,0.001388086874731663,-0.23388671174315562,-0.04184178287511207,0.17980992862096234,-11.08242830216174,-0.05455570164955427,-0.25054422890537287,9.957068018110785e-06,0.1069251386488379,0.893064904283144,0.0003134911178455243,"{'sigma': 0.0574865056758424, 'lam': -3.141592644648735}","{'sigma': 0.018331413637374006, 'mu': -0.5509848163414606, 'w0': 2.385205983616313, 'delta': 3.6349697696280714e-09, 'psi': 0.1}",{'sigma': 0.016973885167224693},9.64588054909305e-05
2,x,100.0,0.016631103282817413,-0.004634817591250428,0.02126592087406784,0.03715098066376159,0.0013801953642791874,-0.23968951846969763,-0.03640525587950397,0.16211119087618028,-10.456082744671502,-0.05111037193869409,-0.22675074044965163,,,,,,,,
2,x,101.0,0.014463262241806317,-0.004644547207275737,0.019107809449082053,0.037190347734258465,0.0013831219645950635,-0.23467129513735338,-0.040885389797458885,0.16731191012613555,-10.558868527896093,-0.05685877183988144,-0.2374104988218517,,,,,,,,
2,x,102.0,-0.07359836910456366,-0.004654132403826427,-0.06894423670073724,0.03778372732300117,0.0014276100504189051,-0.23910432716013388,-0.05352750635774379,0.16982299132349232,-9.104200119937591,-0.06645936011854259,-0.3094293250354829,,,,,,,,
2,x,103.0,0.061182829737529844,-0.0046639047604073655,0.06584673449793721,0.03826981538365395,0.0014645787694989565,-0.25887984166471895,-0.04180444319025998,0.16636572705689098,-9.976028637062267,-0.04142780747289499,-0.3450035421784408,,,,,,,,
2,x,104.0,0.05357875142634096,-0.004673836554922362,0.05825258798126333,0.03862923103366531,0.0014922174902522907,-0.2257738531034599,-0.05635717291104378,0.18085687220255683,-12.810076833878187,-0.06751217376916474,-0.38340360362778036,,,,,,,,
2,x,105.0,-0.03459884961918178,-0.00468350422159469,-0.02991534539758709,0.038735347787718984,0.0015004271682355459,-0.23533861702520656,-0.06777558704163054,0.19055561223086945,-11.693703111982241,-0.05245443990848694,-0.41115342633548513,,,,,,,,
2,x,106.0,0.050548198093559676,-0.004693971477304707,0.055242169570864384,0.03855340965249966,0.001486365395833454,-0.26328000940282364,-0.027715133403510457,0.24169557516704923,-11.068222138617838,-0.06758524410223642,-0.4132879815359172,,,,,,,,
2,x,107.0,0.02315550492980952,-0.00470452715097599,0.02786003208078551,0.03852529845810232,0.0014841986212858608,-0.24245842326469055,-0.021851413389536643,0.24169688075794882,-10.772049226149576,-0.06675254515013869,-0.4077000636016832,,,,,,,,
2,x,108.0,-0.05533034991876923,-0.004715610841131722,-0.050614739077637506,0.03868495000691765,0.0014965253570377178,-0.2648192398028482,-0.02983088681251626,0.2541520985213958,-10.23513754955326,-0.0683492237601868,-0.4314845208893554,,,,,,,,
2,x,109.0,0.07959223663092826,-0.004726849415554793,0.08431908604648305,0.03928997762309031,0.0015437023416229373,-0.27278268671900874,-0.006774898239719923,0.272983933661008,-15.828990096346688,-0.04292928268384781,-0.3782477722445597,,,,,,,,
2,x,110.0,-0.02903503474128815,-0.00473869339488757,-0.02429634134640058,0.03907262907182831,0.0015266703425846828,-0.2866739651635842,0.008728080295637347,0.2599751139176242,-12.00539930746339,-0.008268050792549808,-0.3412926659798486,,,,,,,,
2,x,111.0,-0.03923131475293824,-0.004751188023836374,-0.03448012672910187,0.03917989942367741,0.0015350645188494775,-0.2780837338987559,-0.014005400515840247,0.2719476291046561,-10.261793494662326,0.02391573557189082,-0.3655312465822717,,,,,,,,
2,x,112.0,0.024901076475926532,-0.00476408869101467,0.0296651651669412,0.039235094637999936,0.0015393926512528115,-0.27970527853826904,-0.022702923617299257,0.27924884584364384,-11.735031032335277,-0.010767947830258869,-0.3784078652574774,,,,,,,,
2,x,113.0,0.046812706079293005,-0.004777042230597005,0.05158974830989001,0.03946443558366153,0.0015574416759369704,-0.2620588729337034,-0.029242133471377784,0.2750123728979845,-12.392420986074235,-0.008210585543897848,-0.4118320722709156,,,,,,,,
2,x,114.0,-0.006638821433899449,-0.004791445638075188,-0.0018473757958242607,0.039376124695972965,0.001550479196072812,-0.2653697089446727,-0.03415303378266142,0.27776457690366296,-13.154863462608857,-0.0245227965084267,-0.38940175742608446,,,,,,,,
2,x,115.0,0.0032241583874437953,-0.0048060277800551785,0.008030186167498975,0.03931322269603203,0.001545529478747808,-0.270572627662044,-0.029009565119192577,0.278736954935766,-14.38489245763852,-0.047032210867641346,-0.37222129975826784,,,,,,,,
2,x,116.0,0.052550739138188904,-0.0048208076562547,0.057371546794443604,0.03963525596421563,0.0015709535153488907,-0.26309827372832,-0.02977400215319025,0.28859989611738623,-20.298586259245752,-0.07635580409935029,-0.4109736556203435,,,,,,,,
2,x,117.0,-0.09124111637822299,-0.004835929514497989,-0.086405186863725,0.04055763736711974,0.0016449219488027873,-0.285301186296546,-0.030485947294730642,0.2809473502034301,-13.415767015580464,-0.09798085293883287,-0.4304468022979596,,,,,,,,
2,x,118.0,0.0781550586969923,-0.0048514785909369255,0.08300653728792923,0.04139988305733424,0.0017139503171609506,-0.3172632947282619,-0.0002470634862319729,0.27940682468963873,-18.498618788399703,-0.07092051659032468,-0.46302753843621464,,,,,,,,
2,x,119.0,-0.05158397745056886,-0.004867538053128129,-0.04671643939744073,0.041548634744281866,0.0017262890491137465,-0.3276359157916215,0.020439501303502607,0.2577266459877913,-16.981371099052176,-0.06944838050971698,-0.48718309372649204,3.1132041956456543e-09,0.999995590521263,4.406365532932014e-06,0.0006170284364455703,"{'sigma': 0.06736388954401928, 'lam': -3.141592653589793}","{'sigma': 0.0224336829426397, 'mu': -0.5355027980235254, 'w0': 2.3181845275396378, 'delta': 1.7402523866394404e-11, 'psi': 0.1}",{'sigma': 0.02009587758572377},0.00018985490352171382
2,x,120.0,0.003282203570819627,-0.004883658318694504,0.00816586188951413,0.041424019275490394,0.0017159493729361995,-0.32491312998959515,0.024973552816494438,0.2487425955797643,-15.045657216345464,-0.05649177426128685,-0.4615488399070124,,,,,,,,
2,x,121.0,0.06029355312228831,-0.004900377371030135,0.06519393049331845,0.04186950917064812,0.001753055798190987,-0.3193191791520635,0.006577770168595892,0.27016650227785965,-21.53026378953985,-0.07809914903100439,-0.506739963557295,,,,,,,,
2,x,122.0,-0.015011935051510248,-0.0049169106458580285,-0.01009502440565222,0.04187965069383776,0.0017539051422378658,-0.3196873727449002,0.005449620574110685,0.27130550700023603,-20.476685895711203,-0.07475957197880587,-0.5095524746786549,,,,,,,,
2,x,123.0,0.0010179795305563588,-0.004933386596613198,0.005951366127169557,0.041881864592792056,0.0017540905817689688,-0.32037342587543155,0.007003840680817499,0.2714501070874754,-20.63326744614108,-0.07972381963072818,-0.5095723252519732,,,,,,,,
2,x,124.0,-0.02278140330922936,-0.004950109779619332,-0.017831293529610028,0.04188696618356843,0.0017545179360634053,-0.3214552610010933,0.007057340257622545,0.25874866866520807,-20.007044550900538,-0.07902272444618239,-0.5108202210241017,,,,,,,,
2,x,125.0,0.0032353881322114827,-0.0049669763861062135,0.008202364518317696,0.04188882676663433,0.0017546738078851004,-0.3223684174202087,0.0063389301334558276,0.2580592552160953,-20.746186936505737,-0.08816670445267015,-0.5102252357649584,,,,,,,,
2,x,126.0,0.03126255675566468,-0.004982739390291559,0.03624529614595624,0.04201668335705055,0.0017654016803266483,-0.32248451065949574,0.0021576010543012526,0.25937523270880664,-26.175326459604317,-0.11512311134058263,-0.5319459310590566,,,,,,,,
2,x,127.0,-0.03024009509873228,-0.004998821319224489,-0.025241273779507793,0.04201618406631466,0.001765359723494434,-0.32760599369331056,0.003504518922235666,0.26097921705292304,-25.388019332169268,-0.11515962971274804,-0.5318364262076513,,,,,,,,
2,x,128.0,-0.018875304791312678,-0.005015256795309035,-0.013860047996003643,0.042042392386605405,0.001767562757589296,-0.3240435198310405,0.00021202848626650437,0.2617190372150113,-23.22425908569173,-0.10778159661053237,-0.5391783539523459,,,,,,,,
2,x,129.0,0.03264694396363356,-0.005029941218633451,0.037676885182267014,0.042167858474020915,0.0017781282882850574,-0.3254214506285134,-0.00797076042274636,0.27019295290561934,-25.464465352716253,-0.11572090882063381,-0.5617775613149688,,,,,,,,
2,x,130.0,-0.09403999370522027,-0.0050441828847844535,-0.08899581082043583,0.04313112007714043,0.0018602935191087064,-0.33458993218450456,-0.0010987972363705788,0.2785937135964206,-17.005080330787,-0.14551388070711732,-0.5827812642877946,,,,,,,,
2,x,131.0,0.012933634813636186,-0.005058356264913014,0.0179919910785492,0.04305959103522572,0.0018541283801208914,-0.3322714644522231,-0.001297188537348364,0.2721392414027461,-15.865305615151476,-0.13983186187966762,-0.5701196427701033,,,,,,,,
2,x,132.0,0.03890388622203965,-0.005070677930568812,0.04397456415260846,0.043184819082613485,0.0018649285991980578,-0.32429197135870347,-0.01680490033127437,0.27711754351826956,-20.964124192388724,-0.1755837053449989,-0.5801438568739978,,,,,,,,
2,x,133.0,-0.1597175712368859,-0.005082714844105089,-0.15463485639278082,0.04586717829506981,0.002103798044751723,-0.3431569549940237,-0.027927918414371408,0.3317134734220063,-11.81159983886031,-0.4366261825039357,0.24744501418508547,,,,,,,,
2,x,134.0,0.09189922557503877,-0.005093701118865805,0.09699292669390458,0.04672567985215242,0.0021832891576458423,-0.3857925099657874,-0.0002052280816783348,0.32343601810223904,-13.95409719524738,-0.36448161192778167,0.22157104848181786,,,,,,,,
2,x,135.0,-0.0010679553818561506,-0.005103511655250952,0.004035556273394802,0.04670916009002833,0.0021817456363158955,-0.3787728528708603,0.001869304031916909,0.321752123288843,-14.463228126316713,-0.3753726168386009,0.2315995440993313,,,,,,,,
2,x,136.0,-0.03557535419304078,-0.0051120708191349905,-0.03046328337390579,0.046698633056526065,0.002180762329348069,-0.37278565391347146,-0.015008035337172314,0.3202829588426817,-14.333959803075613,-0.3761579327992236,0.2346649917320675,,,,,,,,
2,x,137.0,0.043616104443858175,-0.0051186185012288225,0.048734722945086996,0.04630873113780733,0.0021444985795937258,-0.37549317719145897,0.0013727326128404617,0.31699323078633157,-12.908452602839208,-0.40221664987820405,0.26891046308574956,,,,,,,,
2,x,138.0,-0.07716432917877053,-0.005124309295979899,-0.07204001988279063,0.046833152262746695,0.002193344150865616,-0.3910706697694817,0.017963647641903113,0.31082000352957423,-11.259336932832161,-0.3915194267223107,0.16247031623821862,,,,,,,,
2,x,139.0,-0.0008424057545521724,-0.005128068750243525,0.004285662995691352,0.04663981998494646,0.002175272808228211,-0.3800488114424699,0.016022141418004995,0.3293891904108689,-12.494288529159872,-0.41941029305866234,0.22641292974669838,5.379296449744808e-13,0.9999999996066342,3.9282786443431664e-10,0.0017397769619966108,"{'sigma': 0.0693744509627792, 'lam': -3.1415926535897922}","{'sigma': 0.022100077196123946, 'mu': -0.4715488649978551, 'w0': 2.34147263463307, 'delta': 0.30014383701831715, 'psi': 0.1}",{'sigma': 0.02091804050159391},0.0002319702615995481
2,x,140.0,-0.00033246585614659513,-0.005129950840960731,0.004797484984814136,0.04615168653992478,0.002129978170479474,-0.37946221710256073,-0.008592542694434319,0.3354213598512006,-10.498811170823407,-0.42281136853088597,0.2969829230855167,,,,,,,,
2,x,141.0,-0.011643882188109718,-0.005130466733801693,-0.006513415454308025,0.04613229923993514,0.0021281890331629207,-0.3793813222529911,-0.009364698948042694,0.3358520900255049,-10.604923678568392,-0.4286645351908449,0.3058388062339444,,,,,,,,
2,x,142.0,-0.02908247288039325,-0.005129335702292313,-0.023953137178100936,0.045628749544492156,0.0020819827849939934,-0.37983212935515154,-0.019452656010658976,0.3479820047844321,-8.552256585067845,-0.4197856415730426,0.35707497236002556,,,,,,,,
2,x,143.0,-0.043168767527336054,-0.005125515633877277,-0.03804325189345878,0.04576922830041805,0.0020948222592157882,-0.3736255168626121,-0.01949046900391831,0.34801359786078667,-8.097433514607143,-0.40249442123942825,0.3088995101690239,,,,,,,,
2,x,144.0,0.012476235998195376,-0.005119624949073873,0.017595860947269247,0.045726933816045125,0.002090952476216971,-0.3734984199649573,-0.02566436650275248,0.34266535118273445,-7.92420201941723,-0.39954586344815507,0.3174411726092175,,,,,,,,
2,x,145.0,-0.038461750040831494,-0.005112153070314321,-0.033349596970517176,0.04577487677552407,0.0020953393438144126,-0.37300939259674365,-0.011669990132965895,0.34589107843856187,-7.780498688824888,-0.39504247118943825,0.30203789850061513,,,,,,,,
2,x,146.0,0.036882160725248705,-0.005102364247606619,0.041984524972855326,0.045881434043703304,0.0021051059899066965,-0.3937002569225364,-0.008062418609100184,0.3351381770089622,-7.9291798727919405,-0.39519124637683706,0.28189800457582975,,,,,,,,
2,x,147.0,0.026840787732248312,-0.005090192114827566,0.03193097984707588,0.04542705499940884,0.002063617325919316,-0.3897692219433144,-0.015066149540450177,0.35028612423435157,-7.319507448480618,-0.4183104280233052,0.33836262471752915,,,,,,,,
2,x,148.0,-0.15718979714933773,-0.005075553974643514,-0.1521142431746942,0.04784362333457496,0.0022890122937806855,-0.3927806893983264,-0.04484868395568601,0.353312105441878,-6.1538817219631445,-0.5786718400604408,0.6545633103288215,,,,,,,,
2,x,149.0,-0.028840113772077392,-0.005058861482332663,-0.02378125228974473,0.047882691820433296,0.0022927521759705896,-0.35912280892644144,-0.047946339125576436,0.34692337192501443,-5.934545763533307,-0.5612054967444015,0.6296258340799209,,,,,,,,
2,x,150.0,0.025336541017716024,-0.005039467786207641,0.030376008803923667,0.04795410934649861,0.002299596603215945,-0.36113343358885996,-0.06693619542511359,0.3473580241675545,-6.35683714983717,-0.5894504717007296,0.6373196795805722,,,,,,,,
2,x,151.0,0.019397850384766362,-0.005017929641374441,0.024415780026140803,0.048033175327005156,0.002307185931994817,-0.35566872383439185,-0.0692549349202761,0.31136144324837,-6.571476627013487,-0.6013036548393897,0.62746150597067,,,,,,,,
2,x,152.0,-0.037789842748098657,-0.0049946202020469425,-0.03279522254605172,0.048120066053977846,0.0023155407570391914,-0.35844351091681576,-0.07329088928816897,0.3133781303624932,-6.242897291126123,-0.576893411189057,0.583298314484314,,,,,,,,
2,x,153.0,-0.0014975991673024365,-0.004968426741520425,0.0034708275742179884,0.04784170761313593,0.0022888289873407883,-0.36168601927720495,-0.07387600644375189,0.3259425713155696,-6.690550869711424,-0.6113958696000935,0.6852325418972554,,,,,,,,
2,x,154.0,0.0774275509473626,-0.004939463402153207,0.08236701434951581,0.04858888859229003,0.0023608800946339726,-0.3539457157018732,-0.08320767723120603,0.3316214861418092,-7.737466854351093,-0.5847391635702782,0.6015666923105312,,,,,,,,
2,x,155.0,0.011203474225583477,-0.00490911084789157,0.016112585073475048,0.048618759293154824,0.0023637837552057286,-0.3421177648994066,-0.08443252468460304,0.3283538271999312,-8.008192442924283,-0.5977070407189817,0.6043965517050746,,,,,,,,
2,x,156.0,-0.05772812776211641,-0.004875676254169499,-0.05285245150794691,0.04871977784828989,0.002373616753586718,-0.3375037030632331,-0.09779333727499041,0.3269860826076834,-6.957362154853357,-0.5544236903350345,0.5369406888256701,,,,,,,,
2,x,157.0,0.03713007781040887,-0.00483992247021812,0.04197000028062699,0.04856153185117989,0.002358222375733159,-0.3525150728511095,-0.09576553928033088,0.32793644247370307,-8.098801377979374,-0.5989164555543356,0.6196894990041594,,,,,,,,
2,x,158.0,-0.037175165047975,-0.004802544517934085,-0.03237262053004092,0.04860532211611104,0.0023624773380109126,-0.35696805704614437,-0.09366490068006907,0.3269789493065287,-7.9769234115939325,-0.5939315323722443,0.6035509062868033,,,,,,,,
2,x,159.0,0.03567981844317786,-0.004762635089820849,0.040442453532998704,0.04878406275825803,0.002379884779201658,-0.363241749655556,-0.0850115781463734,0.3162517670064955,-8.632023624403637,-0.6097010132742512,0.5788976581182368,2.7163602847977734e-14,0.9999999999932541,6.718866879133343e-12,0.001810745670806927,"{'sigma': 0.07641229610362982, 'lam': -3.14159221256487}","{'sigma': 0.022674963340176157, 'mu': -0.4021172104450399, 'w0': 2.3499985202506863, 'delta': 0.6092384365598777, 'psi': 0.1}",{'sigma': 0.023229074207013072},0.0002785762570472192
2,x,160.0,-0.017205736153119825,-0.0047200471518226254,-0.0124856890012972,0.04853751030955269,0.0023558899070499333,-0.3623934918160509,-0.09755309856738383,0.3134272136840544,-9.187094640559245,-0.6322368348280105,0.6625857516452345,,,,,,,,
2,x,161.0,0.0036336427944394555,-0.004676421593824751,0.008310064388264206,0.048515417112970055,0.002353745697645468,-0.36131294529391866,-0.09544227027581684,0.3096761168836416,-9.018328151020407,-0.6283660132951077,0.6648831522152684,,,,,,,,
2,x,162.0,-0.00743738490672319,-0.004630548806614182,-0.002806836100109008,0.04812598707925619,0.0023161106323527337,-0.3653263045910363,-0.0839362230816748,0.3189083571246931,-10.013146801233555,-0.6603334733196692,0.7932970268611921,,,,,,,,
2,x,163.0,-0.0966976367145542,-0.004581787605555896,-0.0921158491089983,0.048995717631891304,0.0024005803462640246,-0.358734818701627,-0.0854221887950587,0.3181366347012406,-8.596048522590015,-0.6388766401939602,0.6078451571924461,,,,,,,,
2,x,164.0,0.09191563702998266,-0.004532472278143832,0.0964481093081265,0.04973272496829005,0.0024733439327715807,-0.3906779050853731,-0.08645587925008404,0.3138253774277665,-9.539301683785219,-0.5729874492772433,0.5659433261417983,,,,,,,,
2,x,165.0,-0.0348706596184364,-0.004480844580366945,-0.03038981503806945,0.049737234715879604,0.0024737925171824993,-0.3954784899082821,-0.07580236599272562,0.3124852998439595,-8.564963582762761,-0.5410878542743809,0.5375394690444211,,,,,,,,
2,x,166.0,0.0019083358314567443,-0.004427584244869859,0.006335920076326603,0.04973894912019948,0.0024739630595817927,-0.3962806414862729,-0.07161903102415285,0.3038732004814511,-8.57025676979728,-0.5417764951011158,0.5376009390651888,,,,,,,,
2,x,167.0,-0.0006488389739209147,-0.004373360232065663,0.0037245212581447484,0.049715559772021675,0.00247163688344546,-0.397374765583355,-0.07520675241878401,0.2990574151732247,-8.395252812423136,-0.5360657466828637,0.5393340584890215,,,,,,,,
2,x,168.0,0.09044788364658579,-0.004316720140501651,0.09476460378708744,0.05061597089900824,0.002561976510049249,-0.39210238160093863,-0.07222408141697197,0.28717624080910203,-9.902611239317332,-0.48730227839310186,0.4575458353413011,,,,,,,,
2,x,169.0,-0.07933037251126397,-0.004259125067649063,-0.0750712474436149,0.05098720353240234,0.0025996949240546215,-0.4140401376775306,-0.0637875289560812,0.27522037266844035,-8.123897554091077,-0.4449408860835529,0.35453900809475436,,,,,,,,
2,x,170.0,-0.05602461928202731,-0.004201569216815747,-0.05182305006521156,0.05118089314965634,0.002619483823596539,-0.39126212216563755,-0.08650301976753622,0.2740673618401831,-7.301884005336357,-0.40695140589816037,0.28677200237585343,,,,,,,,
2,x,171.0,0.09142143480189135,-0.004141906047777203,0.09556334084966855,0.05177624824727475,0.002680779882563422,-0.39393835046038966,-0.11497088463632718,0.29180869813196236,-9.479704440869902,-0.40128748069082304,0.29933061132498984,,,,,,,,
2,x,172.0,-0.04152915655643616,-0.00408095394109252,-0.03744820261534364,0.051638311188923015,0.002666515182444052,-0.399079680565403,-0.09725525555558805,0.3110244257542056,-8.134256267991326,-0.3661468361543467,0.2996154942634447,,,,,,,,
2,x,173.0,-0.060683093560660976,-0.004020578731562515,-0.05666251482909846,0.05191980989363873,0.002695666659391586,-0.39279859901221187,-0.11793356285398386,0.3186454298555391,-7.6483973860745555,-0.34648103633373184,0.22748070682137492,,,,,,,,
2,x,174.0,0.0714766812317789,-0.003958842423767447,0.07543552365554634,0.05221609944579624,0.0027265210413332827,-0.41515835502705034,-0.14299361022465495,0.3346129203227503,-9.519636539765616,-0.37265889909029715,0.22842767561416663,,,,,,,,
2,x,175.0,-0.014567707923609284,-0.00389670734504966,-0.010671000578559624,0.052011633277403435,0.0027052099961831005,-0.4315405027623729,-0.14480139250704532,0.34613112301290483,-10.170407461751068,-0.39135662454547343,0.2851758823522375,,,,,,,,
2,x,176.0,-0.07535195915793548,-0.0038348872138309364,-0.07151707194410455,0.0520280081031816,0.0027069136271847304,-0.4351884668048839,-0.152190933822028,0.3538076707286946,-10.155278355308468,-0.39158930933972175,0.28300681240134695,,,,,,,,
2,x,177.0,0.056296119707698176,-0.003772325755773972,0.06006844546347215,0.05232272235716073,0.0027376672748645266,-0.4422420692292832,-0.1559333240032834,0.363366820165607,-12.220521335516693,-0.41720569596543,0.25251385123080394,,,,,,,,
2,x,178.0,-0.010334820452584537,-0.003709221514665562,-0.006625598937918975,0.0521290289003716,0.0027174356540957774,-0.439104898250325,-0.1494818840190557,0.36595873984522476,-10.866382452019243,-0.39796213061501057,0.279369981356475,,,,,,,,
2,x,179.0,-0.06868956420912181,-0.0036476451136240357,-0.06504191909549778,0.05248865001161194,0.00275505838004149,-0.43663691603312094,-0.1623905841552725,0.3778212966183482,-10.04941659427874,-0.38345361405867995,0.1991633556817674,5.043494921208618e-17,0.9999999999999791,2.0905617219866193e-14,0.0013282191468464875,"{'sigma': 0.07988300007567739, 'lam': -3.141592502925921}","{'sigma': 0.026122169491930247, 'mu': -0.45153323610330565, 'w0': 2.386512780453889, 'delta': 0.43183137550118755, 'psi': 0.1}",{'sigma': 0.024429813964069104},0.0003320547867116219
2,x,180.0,-0.006224883093247171,-0.003585685925485066,-0.002639197167762105,0.05244330265381517,0.0027502999932396575,-0.43350356087678715,-0.1618643273719325,0.3733261296629628,-10.44649932322681,-0.3951632610607686,0.21631406621388935,,,,,,,,
2,x,181.0,0.037996817061407305,-0.0035229324833204166,0.04151974954472772,0.052607220111444766,0.002767519607853999,-0.43241143406676846,-0.17078557456344257,0.3751884841765128,-11.577337545026031,-0.413541423183046,0.19438913916691364,,,,,,,,
2,x,182.0,-0.036237683042553134,-0.00346262602130544,-0.032775057021247694,0.05270487829924517,0.0027778041965382445,-0.4350930092279416,-0.1732111932579336,0.37908708946610437,-10.681026903521516,-0.3905974601015499,0.15903371810836273,,,,,,,,
2,x,183.0,-0.017071031523439605,-0.0034031430207689954,-0.01366788850267061,0.05264943143121689,0.002771962630030409,-0.42985641333043906,-0.17348092505924614,0.37967207242834594,-11.005398598662786,-0.3987278409134932,0.17640081439377203,,,,,,,,
2,x,184.0,0.011904699271186904,-0.0033425673436231185,0.015247266614810023,0.05227994202455707,0.002733192338091048,-0.43693468521171835,-0.17642882468506588,0.4020408565276778,-9.946120754236427,-0.3973089782057369,0.23049124646868535,,,,,,,,
2,x,185.0,-0.0535610742343209,-0.003284157744713912,-0.05027691648960699,0.05249610578576429,0.0027558411226701546,-0.4378726445262733,-0.17132024680255378,0.40539202433686367,-8.93128184817659,-0.364432580675939,0.16541915071029156,,,,,,,,
2,x,186.0,-0.02868165494949262,-0.0032274937835236883,-0.025454161165968932,0.05255179295613771,0.002761690942904765,-0.4341684546176302,-0.1739897019382189,0.4083797852902628,-8.59020394249562,-0.34960761826450476,0.14498591423592228,,,,,,,,
2,x,187.0,-0.0017847347599278,-0.003170699521995175,0.0013859647620673749,0.05215417095787984,0.0027200575483037567,-0.42510276875332204,-0.1892303200739804,0.41319731377250296,-9.59271861192957,-0.3778974679838061,0.23977063728432096,,,,,,,,
2,x,188.0,0.060311641230469726,-0.0031155797982719397,0.06342722102874167,0.05215328161129094,0.0027199647828266174,-0.4136126426612003,-0.1964414738849003,0.3910826981293262,-9.615379774821523,-0.37793921805510206,0.2398663087119648,,,,,,,,
2,x,189.0,-0.052332950878880784,-0.0030627216526568184,-0.04927022922622397,0.052091846530774484,0.002713560474985762,-0.4213706580937607,-0.18987361760881186,0.3839370700850929,-9.740226040290063,-0.3793166040131625,0.25255260737566887,,,,,,,,
2,x,190.0,-0.06551129481554681,-0.0030106207324966596,-0.06250067408305014,0.052451733813705534,0.0027511843800638205,-0.40762404171982036,-0.20220139602078957,0.3808399416542932,-8.721274074081949,-0.3486347554338986,0.16233937413506644,,,,,,,,
2,x,191.0,0.041013603059360866,-0.002960685689861017,0.043974288749221886,0.05250548596043593,0.0027568260559415344,-0.40806711869142487,-0.21578837577647814,0.38262545286726163,-8.851003369715345,-0.3489173294042352,0.15367122165624827,,,,,,,,
2,x,192.0,0.036958519509972115,-0.0029126695802013805,0.039871189090173495,0.05207720667421013,0.0027120354549883966,-0.39247182839897193,-0.2103079734642276,0.3530954329736964,-11.012051806805149,-0.3883735625774514,0.2471370022128019,,,,,,,,
2,x,193.0,0.08310605215873304,-0.0028658976859847027,0.08597194984471775,0.05263616606669374,0.0027705659782005614,-0.384662621253677,-0.18062515749022878,0.3233551158498214,-12.380380997943911,-0.362269977564521,0.19365130072243314,,,,,,,,
2,x,194.0,-0.03038139426971716,-0.0028212698805693327,-0.027560124389147827,0.05241471113552788,0.0027473019434208308,-0.3761040018390721,-0.1900994249787755,0.3323112732367943,-10.356634395116496,-0.331943013698585,0.21412950624882424,,,,,,,,
2,x,195.0,-0.009610366929366303,-0.0027791509479449883,-0.006831215981421315,0.051376452347955744,0.0026395398558617675,-0.3740221338810346,-0.21639497253165366,0.34274917030787555,-12.60633037571932,-0.3270350941849718,0.3395321981334602,,,,,,,,
2,x,196.0,0.07811004161634767,-0.0027387688762509307,0.08084881049259861,0.0519583183314589,0.0026996668438332176,-0.3695037511662047,-0.22342199516526287,0.3615561475946405,-14.963339312863653,-0.31314969508462737,0.2634964457108106,,,,,,,,
2,x,197.0,-0.0322597155464531,-0.002699894847638034,-0.029559820698815065,0.05175771530953751,0.002678861094063134,-0.37308550423223574,-0.2265055801837846,0.37017790357841346,-16.11237821904677,-0.3210419594288843,0.30988112925881334,,,,,,,,
2,x,198.0,-0.015670525235836973,-0.002664385689341717,-0.013006139546495255,0.0517582443653618,0.002678915859784506,-0.3701656617027337,-0.22924519847421407,0.36978340804003734,-14.903342057220867,-0.30487198346786304,0.30269035772163055,,,,,,,,
2,x,199.0,0.00040379563135755324,-0.0026310914256805727,0.003034887057038126,0.05173871299751793,0.0026768944226395306,-0.3694648844374585,-0.22831812340434143,0.3656400775730229,-15.725262905933814,-0.3146372239273997,0.3118208452801414,1.2597015592801058e-14,0.9999999999954403,4.547055535769194e-12,0.0008423760622635963,"{'sigma': 0.07931839124562311, 'lam': -3.1415925625797296}","{'sigma': 0.02761852415965338, 'mu': -0.5076682197259995, 'w0': 2.1976890148553507, 'delta': 8.509824733771154e-09, 'psi': 0.1}",{'sigma': 0.024090268911004895},0.0002807920207545323
2,x,200.0,0.00967708058932598,-0.002600022638016718,0.012277103227342698,0.05171116081844842,0.0026740441531914352,-0.37119834879982144,-0.22570239517640528,0.3618606695699478,-15.391575756927379,-0.31032507309208884,0.3165934232029147,,,,,,,,
2,x,201.0,0.027537261634795633,-0.0025714611999218596,0.030108722834717494,0.05176168321183273,0.002679271848922126,-0.3681307104994024,-0.23159461365331221,0.35806947996990934,-16.03042338417322,-0.3145350361483136,0.306965275434334,,,,,,,,
2,x,202.0,0.013380275646237463,-0.00254431638373423,0.015924592029971693,0.051294610455253645,0.0026311370617562164,-0.35477755029372005,-0.2188154645646775,0.3536433476198448,-21.74256826695862,-0.34732236771408065,0.41736755902477446,,,,,,,,
2,x,203.0,-0.02382211150690857,-0.00251979929836464,-0.02130231220854393,0.050937805567748545,0.002594660036057755,-0.37513463770865063,-0.21514285407627767,0.34327605584092175,-15.872290477913458,-0.323585648614411,0.4658024043988224,,,,,,,,
2,x,204.0,-0.04193896931734199,-0.002498361883727834,-0.03944060743361416,0.05076749363745111,0.002577338410228639,-0.3663331867481357,-0.23187530586396463,0.3334257366171184,-12.190813833928972,-0.2878856623998758,0.4755212987134055,,,,,,,,
2,x,205.0,0.13184759795581674,-0.002478590390068935,0.13432618834588567,0.05241530705848706,0.002747364414035483,-0.3696612567125613,-0.23266747949219754,0.3258727492229589,-20.966616429164677,-0.18265602579079873,0.5248778032293722,,,,,,,,
2,x,206.0,0.007622006531500956,-0.0024607016108981403,0.010082708142399095,0.05214390638554305,0.0027189869731442775,-0.36070536756433397,-0.22480732967542427,0.313164900019131,-17.801396942093483,-0.17007565746953304,0.582329425347598,,,,,,,,
2,x,207.0,-0.0016046388301820457,-0.0024463242142135815,0.0008416853840315357,0.052075013594513,0.0027118070408687135,-0.3577819337312288,-0.22919894971088123,0.31583164275108216,-16.39226261566133,-0.15623135434214247,0.5975472975816115,,,,,,,,
2,x,208.0,0.04204795242308014,-0.0024335748579550013,0.04448152728103514,0.05199002719484668,0.0027029629277208972,-0.34675425384447234,-0.23333350221550886,0.32125468920735273,-23.59941916897316,-0.19687293905823075,0.6293494265186458,,,,,,,,
2,x,209.0,-0.15404307259735453,-0.0024225859818025157,-0.15162048661555202,0.053547425982596424,0.0028673268293616426,-0.35241471383823636,-0.21597158969609104,0.2982822430652553,-11.79621227657535,-0.3260803631083521,0.8099186798661759,,,,,,,,
2,x,210.0,0.001059587801931267,-0.002414713681148918,0.0034743014830801847,0.053493950560031464,0.002861602746519091,-0.34367538972981754,-0.21247338893774362,0.3049493906551731,-12.621176120615873,-0.3420226230440184,0.8323411926368258,,,,,,,,
2,x,211.0,0.10580761388090132,-0.0024084054441491374,0.10821601932505046,0.0544612396244666,0.002966026621433571,-0.3332758875981771,-0.2520084394488496,0.31517280088414695,-19.53388692429495,-0.3207288654688023,0.7574482754429909,,,,,,,,
2,x,212.0,-0.04290147599818487,-0.002403801383848274,-0.04049767461433659,0.054544761661077225,0.0029751310246637196,-0.34779955991427125,-0.2519256725055098,0.3224701438248202,-15.736799017859243,-0.2859759930833002,0.7204842643091174,,,,,,,,
2,x,213.0,-0.054640871969785725,-0.002402909648938641,-0.052237962320847084,0.05455362623111746,0.0029760981349644666,-0.3391256799510018,-0.26753089073997044,0.3131594820471407,-12.175517085957992,-0.2453508606130653,0.6975781789375955,,,,,,,,
2,x,214.0,0.08011619903306522,-0.0024033558875646947,0.08251955492062991,0.055179513059375976,0.003044778661469844,-0.34814862711395467,-0.27622359289476345,0.33735373284752207,-15.272279845677371,-0.2489506289388664,0.5975388889842496,,,,,,,,
2,x,215.0,-0.020568314295849294,-0.002404378249417663,-0.01816393604643163,0.055205387651954325,0.0030476348258025514,-0.35246803049893866,-0.272664730813675,0.34065043273771645,-14.335431767259326,-0.23449798408110548,0.5859821695653932,,,,,,,,
2,x,216.0,-0.07931337732266762,-0.002409259712323837,-0.07690411761034378,0.05543326933226006,0.003072847348862884,-0.33386880868026353,-0.30948607934933714,0.36173624912000696,-10.72289872927854,-0.19649567586781475,0.5303188636842476,,,,,,,,
2,x,217.0,0.06240702652364327,-0.0024157809167189587,0.06482280744036223,0.0551458211199224,0.00304106158699048,-0.3288777391709156,-0.32993138488591994,0.3805442647652045,-15.178579086966522,-0.22781704634150418,0.5883321140811981,,,,,,,,
2,x,218.0,-0.015599636721740459,-0.0024220745781547417,-0.013177562143585717,0.054525236940924086,0.0029730014634639125,-0.3211694094864748,-0.32941191678095577,0.36944372068957937,-11.92934491059661,-0.21771822609142885,0.6842538775066733,,,,,,,,
2,x,219.0,-0.08313354088566864,-0.0024316116004905733,-0.08070192928517807,0.05492011459039462,0.0030162189866220763,-0.31394937381877247,-0.3344658918081874,0.3826104784455747,-11.239894150077319,-0.21999495200682145,0.6141133816339933,1.034570699409995e-12,0.9999999998391798,1.597856744314689e-10,0.0006316677943965132,"{'sigma': 0.0827465584524278, 'lam': -3.14159226864014}","{'sigma': 0.02652298243866613, 'mu': -0.4723722632990188, 'w0': 2.0582574170708274, 'delta': 0.013364139104541373, 'psi': 0.1}",{'sigma': 0.024717128755163274},0.00029153898202915996
2,x,220.0,0.040700660438802785,-0.002443081951571006,0.043143742390373795,0.05508976957115524,0.0030348827114029817,-0.3257565106409907,-0.3350638312581346,0.3882916678539694,-12.209631974875863,-0.2321729954715799,0.578929229792806,,,,,,,,
2,x,221.0,0.05636751707221777,-0.0024547121581535913,0.058822229230371365,0.055016559596636025,0.0030268218298502036,-0.3142614108420144,-0.34953236298340296,0.39016266741078387,-12.088222655785746,-0.23419483304150235,0.5900355267128208,,,,,,,,
2,x,222.0,-0.009187390894382079,-0.0024676056053979305,-0.006719785288984148,0.05501173959185586,0.0030262914929221614,-0.31344813492841067,-0.3499786587081719,0.3879499121341583,-12.243856460740018,-0.2360962545778983,0.5919197036318374,,,,,,,,
2,x,223.0,-0.10428749762346147,-0.002483129116525616,-0.10180436850693586,0.05592955427072033,0.0031281150409214506,-0.3060360729822715,-0.36218094885652163,0.36543067732412227,-10.084552060237822,-0.22673816633651114,0.45035940967187466,,,,,,,,
2,x,224.0,0.10495667256860691,-0.0024984870699026307,0.10745515963850955,0.05695813076340073,0.0032442286600606563,-0.32975869141302816,-0.3564600144064112,0.3766444919220471,-13.34326064073807,-0.20926158792068295,0.36197603595235867,,,,,,,,
2,x,225.0,-0.09226457566637228,-0.002515429674635367,-0.08974914599173692,0.057646135396503304,0.0033230769261519914,-0.3511987216912633,-0.3179619885980651,0.37431898865593066,-11.035538562878994,-0.18820301446450022,0.24663125709382533,,,,,,,,
2,x,226.0,0.0696448732927583,-0.002534220070637741,0.07217909336339604,0.057994221292535245,0.003363329703327548,-0.3622061377100803,-0.28436214189651937,0.3391203620439798,-11.982628580744352,-0.18556094796733943,0.19763756539960692,,,,,,,,
2,x,227.0,0.030756484730413258,-0.002551764939481941,0.0333082496698952,0.058043133600294075,0.003369005358141587,-0.3525170752714385,-0.28766335357508066,0.34134476640468053,-13.722130556897167,-0.2130878128291131,0.19585849364124944,,,,,,,,
2,x,228.0,-0.0541074399735062,-0.0025711583187902937,-0.0515362816547159,0.058252813950210536,0.0033933903331178432,-0.3550452770429319,-0.3024412999507299,0.3507669644886512,-12.712810685170716,-0.19781335962617655,0.14947104401575675,,,,,,,,
2,x,229.0,-0.06540014189369352,-0.0025923563506043803,-0.06280778554308913,0.058447881493843654,0.0034161548511183913,-0.3369716649561026,-0.3095267163638781,0.3286730375085108,-10.507135895149483,-0.15843523292489956,0.10469724419215075,,,,,,,,
2,x,230.0,0.06710236658713123,-0.002612226644040836,0.06971459323117206,0.05821205935235693,0.0033886438540423262,-0.34474032321616355,-0.3094621428024507,0.30637974522365635,-14.732527553868904,-0.19012040147196252,0.14430602517603916,,,,,,,,
2,x,231.0,-0.022158752440596865,-0.002632592539135223,-0.019526159901461643,0.05821409576212057,0.003388880945401344,-0.3496615137433565,-0.30646981654723815,0.3074328770582155,-13.531286894882294,-0.17106228593550413,0.13902123582223833,,,,,,,,
2,x,232.0,-0.04040400347586125,-0.0026541889703779777,-0.03774981450548327,0.05815503477166038,0.0033820080692930285,-0.33932815092666757,-0.3313156365990135,0.31249156448139964,-11.413547778620938,-0.13589438821383126,0.141019393940964,,,,,,,,
2,x,233.0,0.029473941541562285,-0.002675536661696388,0.03214947820325867,0.05615064898969592,0.003152895381964039,-0.3112558778105558,-0.34269887508443636,0.3142462709102411,-17.52873567329991,-0.04139206608051274,0.03385168690055109,,,,,,,,
2,x,234.0,0.03721652643123928,-0.0026969937552127187,0.039913520186452,0.055444592784350495,0.0030741028690224512,-0.31183041040765175,-0.3421121189893334,0.30089279215759906,-14.78453289075899,-0.06223461518174912,0.09679488967813484,,,,,,,,
2,x,235.0,-0.010808796508270716,-0.0027191239468227937,-0.008089672561447922,0.05544857849625141,0.0030745448572549543,-0.3120656671860515,-0.34447032362176155,0.3049477991646989,-14.41127211529845,-0.055561640663241416,0.09534542298697982,,,,,,,,
2,x,236.0,-0.025806830234546947,-0.002739906008487185,-0.023066924226059764,0.055412835924316416,0.003070582385175212,-0.30795753662396835,-0.35704550261315765,0.3024610723343609,-14.777155602687271,-0.05880651143163276,0.10325782354185248,,,,,,,,
2,x,237.0,-0.003340477074439597,-0.002761187577136375,-0.0005792894973032218,0.0551918556494998,0.0030461409300352226,-0.2998027075405999,-0.3591224313802406,0.3020007457116611,-13.08029870497175,-0.039350978180499034,0.14614649858094508,,,,,,,,
2,x,238.0,-0.04448404429655117,-0.00278295999541697,-0.0417010843011342,0.054878248076829485,0.0030116221119820394,-0.30040889532383946,-0.3564847193511411,0.3033445691582176,-14.097872717948922,-0.038610302902981626,0.19422005505892062,,,,,,,,
2,x,239.0,0.10683278269545139,-0.0028032380922067487,0.10963602078765813,0.05596945260807893,0.003132579625247993,-0.3087253902134669,-0.3496702685950562,0.2894110888053924,-19.876152942192935,-0.015708352545964394,0.10455660580756249,4.3356993364649e-16,0.9999999999999767,2.2865691556926286e-14,0.0030568065039977086,"{'sigma': 0.08905452014045127, 'lam': -3.1415925398391464}","{'sigma': 0.014331033610244237, 'mu': -0.170363282513728, 'w0': 1.948969371989559, 'delta': 1.2114689760273447, 'psi': 0.1}",{'sigma': 0.026722433882704563},0.0005094677506662848
2,x,240.0,-0.06306320328868295,-0.00282324187738673,-0.06023996141129622,0.05629773330702886,0.0031694347755093473,-0.3221247899761122,-0.33830844558374346,0.28911707760171074,-16.350329207681504,0.00688324584293861,0.044792814951631205,,,,,,,,
2,x,241.0,-0.010655320111121242,-0.002843299210382038,-0.007812020900739204,0.05629940160310677,0.0031696226208679013,-0.31951198718954715,-0.33620961479202943,0.2898941921575311,-16.397892762359326,0.007577148598617776,0.04442989569933804,,,,,,,,
2,x,242.0,-0.03135927197264919,-0.0028619812803691745,-0.028497290692280016,0.056320752976284826,0.003172027215815696,-0.322323361786477,-0.32730123182053467,0.271802003876965,-16.29604508631583,0.009496517087764281,0.040054531680214674,,,,,,,,
2,x,243.0,0.04893065841511287,-0.002879672884142232,0.0518103312992551,0.056425221356111006,0.003183805605086126,-0.3240705792253213,-0.33280819153145413,0.26556426059184113,-22.257546101325676,-0.028158347673104486,0.022622239202701913,,,,,,,,
2,x,244.0,-0.007014176300638523,-0.0028975881621385756,-0.004116588138499948,0.0564018795047663,0.003181172011670177,-0.3223997680403458,-0.3352286366020847,0.2644718566751596,-20.659958400136645,-0.016685841509331688,0.02733831889970273,,,,,,,,
2,x,245.0,-0.03645883560194358,-0.0029134582039706323,-0.03354537739797295,0.05640307418841107,0.003181306777903403,-0.3182192118062889,-0.3364563881708475,0.26065272243718585,-20.813094564518252,-0.016617695728833797,0.02710439381070279,,,,,,,,
2,x,246.0,-0.014380015371336166,-0.0029285586572844963,-0.01145145671405167,0.056260222717452325,0.003165212660217339,-0.32193007036262417,-0.3294768829645301,0.26176319522671065,-17.458011688675075,0.00813481100078641,0.055550465600571856,,,,,,,,
2,x,247.0,0.08947994269033739,-0.0029433041811535825,0.09242324687149098,0.05692729339354403,0.0032407167331146413,-0.3178489679445584,-0.3325612393034588,0.2545678539143217,-21.927072291641487,0.017496816253278046,-0.017730893992736245,,,,,,,,
2,x,248.0,-0.12307839358543263,-0.0029565562639200793,-0.12012183732151255,0.05614435986123211,0.0031521891442275315,-0.3677693268962091,-0.31824191334155033,0.2837254549905252,-24.896656499358045,0.10589990052470659,-0.2040880678487091,,,,,,,,
2,x,249.0,-0.09221294407922562,-0.0029681358209843745,-0.08924480825824124,0.05681406145581852,0.0032278375791055234,-0.3180133615988232,-0.33487592032670566,0.281897933424355,-19.666843009046932,0.09700050187868767,-0.26612919575169375,,,,,,,,
2,x,250.0,0.016536613681351457,-0.002978825296116895,0.019515438977468352,0.05676646564484822,0.003222431621807733,-0.3222793094712543,-0.3321341731639112,0.28359605654520065,-19.069473553151347,0.10197378684037636,-0.2565466641248378,,,,,,,,
2,x,251.0,0.05070942666430687,-0.0029878312239804425,0.05369725788828731,0.056967529846244466,0.003245299456782754,-0.31572775820099563,-0.3419045892116286,0.2517804651491762,-21.38655054443229,0.09288729375376258,-0.29057148682346035,,,,,,,,
2,x,252.0,-0.005068593683172685,-0.002995246004276553,-0.0020733476788961317,0.05686866724351727,0.003234045314053894,-0.3150874846593213,-0.337539790178796,0.25138766303702376,-24.339298913929884,0.07891087130949916,-0.2742619138842053,,,,,,,,
2,x,253.0,-0.04562472821146294,-0.0030018024467356116,-0.04262292576472733,0.05703379128450835,0.0032528533482848606,-0.31781772761043414,-0.34246649238177435,0.24957495706215524,-20.53224460118885,0.09840202357836245,-0.3002454560419338,,,,,,,,
2,x,254.0,0.01635293457491013,-0.003006364730524148,0.01935929930543428,0.05646421600403964,0.0031882076889508467,-0.3272225096869399,-0.3338118432226433,0.24393239411779957,-16.663419453276074,0.10442118488351382,-0.22932248827692073,,,,,,,,
2,x,255.0,-0.03361723404655176,-0.0030093383489270056,-0.030607895697624753,0.05652081573545941,0.003194602611401756,-0.32726526283244967,-0.33157375890158963,0.2459352071450517,-14.731544718334836,0.12756423506840242,-0.23600086573229026,,,,,,,,
2,x,256.0,0.005614354067646779,-0.003010795858251441,0.00862514992589822,0.056281728866218024,0.003167633004170479,-0.3228810900621928,-0.33816922918356684,0.2526506539323883,-17.569946420407554,0.10400224149801238,-0.2005354688819487,,,,,,,,
2,x,257.0,0.07469028670643131,-0.0030107597555412455,0.07770104646197255,0.05666358127848803,0.003210761443303819,-0.31462875456136813,-0.34923628194837314,0.2573557241549918,-20.03880006820123,0.10506497759548988,-0.24586776692221057,,,,,,,,
2,x,258.0,0.021283937774583456,-0.00300866776802851,0.024292605542611964,0.056617202013665546,0.003205507563856214,-0.3027230460112197,-0.350163087066925,0.2556909952514983,-25.240579526171256,0.0774465231484324,-0.24123098447020608,,,,,,,,
2,x,259.0,-0.1404679472986506,-0.003004460681232599,-0.13746348661741797,0.05813478772805084,0.003379653544185531,-0.3031555042935527,-0.3717230502162028,0.24548168093001965,-14.51707503202128,0.023228912308672682,-0.1891772219399025,0.007812460103219498,0.30377883468349204,0.6884087052132885,0.002863136291420745,"{'sigma': 0.08974830239423241, 'lam': -3.1415926529137943}","{'sigma': 0.15032060777485245, 'mu': -0.9999996848146817, 'w0': 6.328982981071238, 'delta': 1.9999975762878528, 'psi': 0.1}",{'sigma': 0.026927768602921707},0.00047718938190345747
2,x,260.0,0.13068504107832712,-0.0029987250073114096,0.13368376608563853,0.05965931184184458,0.003559233489442457,-0.3402351771705687,-0.3524041563983752,0.26797058669738205,-23.62116199012179,0.06499899113747985,-0.20697382304113912,,,,,,,,
2,x,261.0,0.015107070689727302,-0.002991308790669741,0.018098379480397043,0.05968025577283555,0.0035617329291110704,-0.32461386664273406,-0.3510933809388222,0.27018998824551965,-24.753958032632465,0.06015040505083458,-0.211373370746276,,,,,,,,
2,x,262.0,-0.15965760938270143,-0.0029811877990991403,-0.1566764215836023,0.061718093444211954,0.0038091230583884783,-0.3258149843915002,-0.3930220766387526,0.3155536301191922,-15.69181139255063,-0.03988539605216664,-0.12890855025845194,,,,,,,,
2,x,263.0,0.11196002560078235,-0.002969633601864429,0.11492965920264678,0.06209972182521431,0.003856375450768999,-0.34155936232153056,-0.39347142390244044,0.35032031260007856,-33.62988646650456,-0.04168988774293738,-0.12229256238041673,,,,,,,,
2,x,264.0,0.031663434916205775,-0.002956117342512005,0.03461955225871778,0.06144561701077831,0.003775563849835249,-0.3211720146208776,-0.40043968017433734,0.3551540203324297,-25.089208097884498,-0.04902282207857842,-0.057621267427326796,,,,,,,,
2,x,265.0,-0.09230275817059289,-0.0029400797156036414,-0.08936267845498924,0.062025599941716573,0.003847175048129871,-0.3253170757958813,-0.41673259267650115,0.38990980626013066,-20.515137218627178,-0.04865030485944068,-0.1253980603306592,,,,,,,,
2,x,266.0,0.1425838543829737,-0.0029224151360811904,0.14550626951905488,0.06370909893520493,0.00405884928713573,-0.34664084671493933,-0.39810414143670725,0.4205742727566075,-39.40806342640533,0.011166737463831594,-0.13840193363319178,,,,,,,,
2,x,267.0,-0.030847629810961428,-0.0029020572517048327,-0.027945572559256594,0.06377575139832467,0.004067346466420911,-0.3520610731116631,-0.38904022330349014,0.41881243054043166,-33.24009509523362,0.025336066713157253,-0.14989123999861118,,,,,,,,
2,x,268.0,-0.013771684617472123,-0.0028796886508507015,-0.010891995966621422,0.06307826200682314,0.003978867137801426,-0.33919079740001395,-0.3758774016645329,0.40305108439807136,-21.30421427255783,0.04355581216615488,-0.06864637498956193,,,,,,,,
2,x,269.0,-0.019084686028324194,-0.0028556261896717063,-0.01622905983865249,0.06264426932689472,0.003924304479500523,-0.35249358913376805,-0.3625612113834193,0.3816966322884203,-26.562437109745773,0.03324141599628029,-0.007855679273037371,,,,,,,,
2,x,270.0,-0.0539728191401164,-0.002828692085779599,-0.0511441270543368,0.06263857312259116,0.003923590842834199,-0.3411786991555788,-0.36681353706394226,0.37895720654846476,-26.793123250398256,0.033149908874388026,-0.007014943791426508,,,,,,,,
2,x,271.0,0.09120283162950192,-0.0028004132252456484,0.09400324485474756,0.06261485975256634,0.003920620661833552,-0.34398563685008393,-0.3582264424112757,0.3601048557314534,-26.757959846049992,0.03220533259772031,-0.005950288637225734,,,,,,,,
2,x,272.0,-0.05328216990651582,-0.002769597285440395,-0.050512572621075426,0.062708470422258,0.003932352262699206,-0.3590986966391158,-0.34471334891794064,0.3606032390990561,-25.516388628969526,0.03516929642983477,-0.02079715286613859,,,,,,,,
2,x,273.0,-0.01805135265102626,-0.0027356775027910455,-0.015315675148235215,0.062464232713341124,0.0039017803684664354,-0.3485471517222673,-0.3476416278067085,0.3544594042800922,-30.751488567831544,0.02301535026165825,0.019189339473616153,,,,,,,,
2,x,274.0,0.05239479402282543,-0.002700787066049158,0.055095581088874586,0.0622515587278305,0.0038752565640445304,-0.34977498800019763,-0.3431577755582022,0.35494379937188936,-28.01502334826739,0.022335783652318218,0.04622312585221784,,,,,,,,
2,x,275.0,-0.0034708177821844545,-0.00266310839793695,-0.0008077093842475047,0.06224130992031439,0.003873980660596626,-0.35326357594765784,-0.34290967563971547,0.35381618402981424,-29.482758007127792,0.017557056796471758,0.048147865534209695,,,,,,,,
2,x,276.0,-0.10539549446130833,-0.0026229497340835043,-0.10277254472722483,0.06268458841809114,0.003929357625145487,-0.34058018549156965,-0.3551704984819122,0.344962038956746,-25.99354786896583,0.001843913735026558,0.020911549603111146,,,,,,,,
2,x,277.0,0.03261954028599498,-0.002580745948835143,0.035200286234830125,0.06249452423278254,0.0039055655590818444,-0.3452861556442044,-0.34823678226317994,0.3501529210718457,-23.597889009586854,0.006851074597786537,0.051093397621263456,,,,,,,,
2,x,278.0,0.026366544200527874,-0.002536445235890745,0.02890298943641862,0.0625565644743758,0.0039133237588367354,-0.34488906886520654,-0.3506220836609952,0.35125812586028177,-27.42149908999803,-0.00954174914534884,0.039136432229088094,,,,,,,,
2,x,279.0,-0.02401928085316995,-0.002489985880243503,-0.021529294972926445,0.06224657976331378,0.003874636692230584,-0.34854801292640175,-0.34764104217279745,0.34886551713074915,-33.929358644211135,-0.01950542717060942,0.08922486406482533,7.992896537501758e-21,1.0,9.051569144515791e-19,0.0036002439906796537,"{'sigma': 0.10554815858770733, 'lam': -3.1415918620993555}","{'sigma': 0.024917439721894752, 'mu': -0.28725522353811295, 'w0': 2.0248571542382465, 'delta': 0.7813330921534393, 'psi': 0.1}",{'sigma': 0.03185761170926623},0.0006000406651132756
2,x,280.0,-0.017206234276393666,-0.002441414134261243,-0.014764820142132422,0.06226543466843626,0.003876984354449304,-0.34766353189024174,-0.34914269176813023,0.34676876236034143,-32.022840534038096,-0.01368975031934322,0.08528012477350383,,,,,,,,
2,x,281.0,-0.01159977002202921,-0.0023908462862901273,-0.009208923735739083,0.06213702214643882,0.0038610095212270284,-0.34481844459510586,-0.3475925079441701,0.3449335478147969,-25.46210187249253,0.008278067485489173,0.10952415991807568,,,,,,,,
2,x,282.0,0.08990737912324306,-0.002337923606449959,0.09224530272969303,0.06271952612549714,0.0039337389574069185,-0.3452644118753762,-0.3467808666979911,0.33288172202460603,-53.20073245630031,-0.01900718356568762,0.039945602680642706,,,,,,,,
2,x,283.0,-0.04234639231066874,-0.002282421738527954,-0.040063970572140783,0.06283970868952599,0.003948828988184487,-0.3501604635934666,-0.3481244810550595,0.33310455205911615,-43.89241408098296,-0.008889025614320428,0.01780789776273643,,,,,,,,
2,x,284.0,0.06155500792599013,-0.002225817426360221,0.06378082535235034,0.06313524305186219,0.003986058915217712,-0.3537079563443547,-0.32775863480793815,0.3299816509445562,-67.51185060431577,-0.022418819270760722,-0.02942314620330679,,,,,,,,
2,x,285.0,-0.003985203914368787,-0.0021676114795720278,-0.0018175924347967592,0.06291720092953794,0.00395857417280785,-0.35791174337677545,-0.32784298083762115,0.3363630377095668,-143.18431841352418,-0.04039305489593494,0.00915340804695959,,,,,,,,
2,x,286.0,-0.12392418958070019,-0.0021067292492914645,-0.12181746033140872,0.06407343151631922,0.004105404626276449,-0.35016488465118417,-0.33678080870558685,0.3402186576072791,-46.03507544714561,-0.06623444899619264,-0.06378127682938584,,,,,,,,
2,x,287.0,0.006553105294002113,-0.0020441803385516256,0.008597285632553738,0.06407757993250578,0.004105936250006667,-0.34736972297238655,-0.3380454557604067,0.34125302043486805,-48.97171581676586,-0.06965152037211159,-0.0642454801467978,,,,,,,,
2,x,288.0,0.08323257918121764,-0.001980111411241968,0.0852126905924596,0.06432721513813966,0.0041379906074285044,-0.3377267825338605,-0.34767371027501387,0.3333267784958056,-59.60353850975013,-0.06564652317722193,-0.08846708581727797,,,,,,,,
2,x,289.0,-0.12001864187970952,-0.0019145459703389697,-0.11810409590937056,0.06523883692747492,0.004256105843649665,-0.36402176000110825,-0.340463122539119,0.36395238447116346,-37.14966133055824,-0.08941287250971647,-0.1398953949962023,,,,,,,,
2,x,290.0,0.03852558549815709,-0.0018469352389053639,0.040372520737062455,0.06503964862321249,0.004230155893030945,-0.3642733270954986,-0.3251854024921197,0.3826820834633546,-90.87053117848028,-0.12680667954160102,-0.10503332816351502,,,,,,,,
2,x,291.0,0.05576693093301432,-0.001777885812497547,0.057544816745511866,0.06514232236300456,0.004243522162845605,-0.36236275179004596,-0.3468249605897722,0.39363875137772036,-114.64551882870865,-0.12894355575754032,-0.11889854860438885,,,,,,,,
2,x,292.0,-0.11222410094852674,-0.001707729202256438,-0.1105163717462703,0.06599127819252468,0.004354848797483183,-0.3819788949559578,-0.3498535889603169,0.41425969423372727,-32.03409339015282,-0.10738094117182796,-0.1927436992711814,,,,,,,,
2,x,293.0,-0.02717913864205705,-0.0016362299066051775,-0.02554290873545187,0.06547370128862909,0.004286805560432631,-0.3676027416438919,-0.3533882039031342,0.40085882062571004,-20.700629490344568,-0.08133269124181122,-0.13835591951297438,,,,,,,,
2,x,294.0,0.12934781047141594,-0.0015632055099553,0.13091101598137125,0.06671922038546411,0.004451454368844131,-0.36858407452551656,-0.37286019152993216,0.4077734782548394,-42.615955347695525,-0.07006265962204491,-0.18810217442312674,,,,,,,,
2,x,295.0,-0.16271743930839255,-0.0014894665457017729,-0.16122797276269077,0.06866136825999923,0.004714383491335229,-0.39910297106425785,-0.3534713084007705,0.4307576315380063,-22.17269465073564,-0.13146554860298681,-0.1838649022868449,,,,,,,,
2,x,296.0,-0.09036633885811246,-0.0014147413806701633,-0.0889515974774423,0.06872869537843243,0.004723633568421359,-0.3524817781961661,-0.3696689897810412,0.434427119938395,-14.374096867477379,-0.09449505816461215,-0.2004991082747877,,,,,,,,
2,x,297.0,0.19935817725727745,-0.0013392682053170455,0.2006974454625945,0.07160004755201908,0.005126566809451393,-0.37250185959510307,-0.4116979674606803,0.4660180803340867,-29.04374911571917,0.053078395782769634,0.0408465324475609,,,,,,,,
2,x,298.0,-0.1370834958759358,-0.0012627900769833851,-0.13582070579895242,0.07286916737065287,0.00530991555329222,-0.4037982656664917,-0.37705209823884733,0.4903607100010544,-19.8047526102574,0.03512363111746191,-0.04129158499907013,,,,,,,,
2,x,299.0,0.011878623111671463,-0.0011862906376053969,0.01306491374927686,0.07288185894557833,0.005311765363363177,-0.4004503110021358,-0.35651216015302767,0.48360858964599285,-20.445843849774477,0.03096663387809488,-0.043591027190967475,1.618653809233724e-17,0.9999999999999989,1.1532455067032787e-15,0.004575815268440408,"{'sigma': 0.10762097338044326, 'lam': -3.141592614232171}","{'sigma': 0.023882573674065766, 'mu': -0.2569223347661357, 'w0': 1.9867539848190328, 'delta': 0.8745405969002296, 'psi': 0.1}",{'sigma': 0.03260373181736794},0.0007626358780734013
2,x,300.0,0.04928481399256604,-0.0011089609796330817,0.05039377497219912,0.07305162827726502,0.005336540393959708,-0.39921020293834036,-0.3632251608570066,0.4835846159755334,-23.05520740756948,0.01831119173321658,-0.06978837054052171,,,,,,,,
2,x,301.0,-0.15097334481175448,-0.001031797542390328,-0.14994154726936415,0.07449058853069981,0.005548847779650027,-0.4058369925678597,-0.3591266142734035,0.5061217703470413,-15.037490370260361,0.0075747980991324034,-0.12682948120249002,,,,,,,,
2,x,302.0,0.18510255307692255,-0.000954501470121204,0.18605705454704377,0.07682087459558405,0.005901446773630452,-0.43420111513081905,-0.3291397203043621,0.4992730869838485,-23.73626006170897,0.0912486789966255,-0.09317050978858661,,,,,,,,
2,x,303.0,0.09561002477385544,-0.0008772712767846594,0.0964872960506401,0.07740334473139952,0.005991277775607874,-0.38886473074613004,-0.3459467198381539,0.5036805681908416,-37.90353511095578,0.06324136120732805,-0.16126801895679777,,,,,,,,
2,x,304.0,-0.27277662746976933,-0.0008001551229996923,-0.27197647234676964,0.08197140160662972,0.006719310681355377,-0.4030461893798629,-0.398048697999952,0.53299141834345,-18.841874857383466,-0.23697799884226314,0.5130173400127693,,,,,,,,
2,x,305.0,0.03446805018949618,-0.0007235523114805088,0.03519160250097669,0.08089978647363213,0.0065447754514792724,-0.4039651125343345,-0.39542082133669104,0.5265616380415328,-15.194484961399242,-0.2572203256663107,0.608033240371621,,,,,,,,
2,x,306.0,0.24408687233384024,-0.0006477544719551338,0.24473462680579539,0.0845982724874376,0.007156867707858744,-0.37196976561251244,-0.4561149774782403,0.5485208578120072,-28.58399770848245,-0.05143451724927356,0.7908075174691311,,,,,,,,
2,x,307.0,-0.21928432125244804,-0.0005720594185428612,-0.21871226183390519,0.08736579056820253,0.007632781361607025,-0.41823710320194496,-0.45909642730296374,0.5852252826370077,-17.009034765478038,-0.1302689935134159,0.7212868080698646,,,,,,,,
2,x,308.0,-0.007397998835113072,-0.0004978250260923899,-0.006900173809020682,0.08723629287407622,0.007610170794411601,-0.40110274032281373,-0.44170610744796207,0.582493129206651,-15.492441320491208,-0.1144547374512033,0.7400364560991574,,,,,,,,
2,x,309.0,0.08630612217137404,-0.00042444345018680606,0.08673056562156084,0.08639356174593225,0.00746384751114821,-0.4045716375729184,-0.4391949766106352,0.5864804872238024,-26.768764413665956,-0.13846072045738753,0.822124981988171,,,,,,,,
2,x,310.0,-0.1620360069267459,-0.0003527554530039722,-0.16168325147374193,0.08787570039570947,0.007722138720036494,-0.41844365475942535,-0.430786692665019,0.6056356257530341,-18.087531371972027,-0.1372063296830304,0.6719783635038415,,,,,,,,
2,x,311.0,0.09269611335246487,-0.0002819876960867007,0.09297810104855157,0.08769477194347906,0.0076903730262188035,-0.42736548265941193,-0.41136135612706376,0.5965602492711529,-17.5759592505708,-0.14018008255931613,0.689920196623729,,,,,,,,
2,x,312.0,0.147262165903498,-0.0002130569872185028,0.1474752228907165,0.08888228199810012,0.007900060053189793,-0.40374891408929237,-0.4277155432473634,0.6022875287077079,-28.784646870929212,-0.14890723966351083,0.5890671308398479,,,,,,,,
2,x,313.0,-0.19775556131269384,-0.00014568561859546521,-0.19760987569409838,0.0908982081436098,0.00826248424371901,-0.4221532098786326,-0.4405966309376355,0.6162249276853102,-20.114747301125373,-0.19302373347049076,0.4934454058053443,,,,,,,,
2,x,314.0,-0.04390007537301042,-8.051425477707515e-05,-0.04381956111823334,0.0905856476459786,0.008205759559441387,-0.40221112484637456,-0.4371486324942538,0.6040612809104322,-15.729006725339053,-0.1617723093602638,0.5248144075080088,,,,,,,,
2,x,315.0,0.3379368518307363,-1.746451253858538e-05,0.3379543163432749,0.0967910745946957,0.009368512121195946,-0.3944848872004972,-0.475902695105289,0.6167619234804561,-44.52017959010842,0.2072831043004121,1.3043909153643491,,,,,,,,
2,x,316.0,-0.15654582935353772,4.3460630460852735e-05,-0.15658928998399857,0.0977542717644789,0.009555897648203597,-0.4179793538665883,-0.4645836821757187,0.6266055827900117,-33.177315690596124,0.18878933332117265,1.206242669845892,,,,,,,,
2,x,317.0,-0.23356417366156385,0.00010172086478114364,-0.23366589452634498,0.10025712196497989,0.010051490504700854,-0.36420274311346035,-0.5020942929134844,0.6183484360910771,-16.975092954982202,0.13403360225025088,1.1144053303219825,,,,,,,,
2,x,318.0,0.3086104086346815,0.00015751818863683504,0.3084528904460446,0.10499784302944506,0.011024547040835985,-0.4091129250852782,-0.520924301480291,0.6595005566507547,-39.413153480744604,0.29379447229889577,1.199648138178261,,,,,,,,
2,x,319.0,-0.05860392655320045,0.0002108664989826127,-0.05881479305218307,0.104851704145369,0.01099387986218799,-0.4050924820131582,-0.4907910927201259,0.6606584020286331,-43.349822106295136,0.29147328399216305,1.2184228885248065,9.52568776251735e-35,1.0,1.2955384785458251e-33,0.012793326253614042,"{'sigma': 0.14752578947803682, 'lam': -3.1415925210891165}","{'sigma': 0.023572627291298165, 'mu': -0.13769391101521555, 'w0': 2.1014344772074827, 'delta': 1.5053593582209461, 'psi': 0.1}",{'sigma': 0.044482711197137925},0.001968204039017542
2,x,320.0,-0.1918121918632217,0.00026110523753580415,-0.19207329710075752,0.10649295782754142,0.011340750066858515,-0.3911832169602923,-0.5146416154008144,0.6819499372179482,-22.44857418870634,0.284930403283004,1.094398257228241,,,,,,,,
2,x,321.0,0.19867782219178262,0.00030826696997043987,0.19836955522181218,0.10820705510218065,0.011708766773886358,-0.41196645771066753,-0.5129892246011885,0.6939809372301529,-32.5850289224699,0.2963099024278534,0.9450195784080863,,,,,,,,
2,x,322.0,0.04248868848683526,0.00035275561666199746,0.04213593287017327,0.10829236200766627,0.011727235669199441,-0.3992346681362526,-0.5135869600011227,0.6921013708294411,-38.6206844629969,0.2824635838306291,0.9271497008434926,,,,,,,,
2,x,323.0,-0.11955683236137477,0.0003934454967623221,-0.11995027785813708,0.10847842930374618,0.011767569624207858,-0.39514690087207416,-0.5339399538001863,0.7078740234858748,-36.68911582076529,0.2807913490056283,0.9091385052944115,,,,,,,,
2,x,324.0,0.113059462544026,0.00043060309388529895,0.1126288594501407,0.10853187012569472,0.011779166832980666,-0.3972583703570808,-0.5371439515132349,0.7121070149093219,-37.74149270196044,0.2804591370829793,0.9028927156484552,,,,,,,,
2,x,325.0,0.015765489003162172,0.00046500866253488144,0.01530048034062729,0.10817089494251896,0.011700942512665473,-0.39015693581242533,-0.5349135335266989,0.7113818131346498,-60.250124633033124,0.2592946367471977,0.9405292142089561,,,,,,,,
2,x,326.0,-0.11316252467095622,0.0004953310479558464,-0.11365785571891207,0.10851690553674233,0.011775918787270257,-0.39275558522961745,-0.5386877117496668,0.7215520829731079,-29.94860434410482,0.29434567674397355,0.919360131301395,,,,,,,,
2,x,327.0,0.10425875455499856,0.0005220863519320734,0.10373666820306648,0.10897397276130022,0.011875326739380602,-0.39801045341179375,-0.5339951194346307,0.7241842685450594,-37.72794708988151,0.27986631854987526,0.8539554140650464,,,,,,,,
2,x,328.0,0.06221196153329804,0.0005454691416075744,0.06166649239169047,0.10903159028620489,0.01188788768033885,-0.39378690983890324,-0.5348420578638752,0.7238514657372712,-63.198618469523694,0.250621459615463,0.8347690652152302,,,,,,,,
2,x,329.0,-0.11103854582700867,0.0005648931334694715,-0.11160343896047814,0.1094246250237527,0.011973748561588888,-0.39464670566769167,-0.5414077167056184,0.7264668572037425,-50.15785069573025,0.2525676167272228,0.7936989764412051,,,,,,,,
2,x,330.0,0.06135873222992999,0.0005804574086481129,0.060778274821281876,0.1093704639263876,0.011961898379473252,-0.3974921653451289,-0.5356993323347417,0.7272782164553844,-48.84700198623746,0.2545340447019949,0.8015054931828011,,,,,,,,
2,x,331.0,0.15293754625855585,0.0005919805013253637,0.1523455657572305,0.11041296415083475,0.012191022652573519,-0.38617036571207164,-0.5417161652669981,0.7282482870482336,-226.21968457400175,0.22709918462044593,0.679557047622774,,,,,,,,
2,x,332.0,-0.11206229864861499,0.0006000630592461774,-0.11266236170786116,0.11093335250678434,0.012306208698394473,-0.3940584695067653,-0.5432125894458234,0.731302265710237,-92.08674554621535,0.23387079821450082,0.6273309432224291,,,,,,,,
2,x,333.0,-0.04531829125120894,0.0006040922246396694,-0.04592238347584861,0.11098329477604432,0.012317291719346347,-0.3888100207204591,-0.5432846224297367,0.7282921307796243,-56.839197362111754,0.25409578953654144,0.6280265946611633,,,,,,,,
2,x,334.0,0.08183767598344795,,,,,,,,,,,,,,,,,,
2,x,335.0,-0.05392297595429826,,,,,,,,,,,,,,,,,,
2,x,336.0,0.1434829628432723,,,,,,,,,,,,,,,,,,
2,x,337.0,0.05165262365973088,,,,,,,,,,,,,,,,,,
2,x,338.0,-0.11251320368398307,,,,,,,,,,,,,,,,,,
2,x,339.0,-0.02948284976253047,,,,,,,,,,,,,,,,,,
2,x,340.0,-0.04317429771400905,,,,,,,,,,,,,,,,,,
2,x,341.0,0.09611934637023956,,,,,,,,,,,,,,,,,,
2,x,342.0,-0.16124189266659786,,,,,,,,,,,,,,,,,,
2,x,343.0,0.05199175615426529,,,,,,,,,,,,,,,,,,
2,x,344.0,0.14349351185130524,,,,,,,,,,,,,,,,,,
2,x,345.0,-0.12805550681436745,,,,,,,,,,,,,,,,,,
2,x,346.0,-0.08085332778315038,,,,,,,,,,,,,,,,,,
2,x,347.0,0.1404821144091936,,,,,,,,,,,,,,,,,,
2,x,348.0,-0.1223972381738421,,,,,,,,,,,,,,,,,,
2,x,349.0,-0.0700494591237766,,,,,,,,,,,,,,,,,,
2,x,350.0,0.29309845838153425,,,,,,,,,,,,,,,,,,
2,x,351.0,-0.17497908814628826,,,,,,,,,,,,,,,,,,
2,x,352.0,-0.1926878347849014,,,,,,,,,,,,,,,,,,
2,x,353.0,0.3695184127028595,,,,,,,,,,,,,,,,,,
2,x,354.0,-0.11173369506577539,,,,,,,,,,,,,,,,,,
2,x,355.0,-0.21785165422458405,,,,,,,,,,,,,,,,,,
2,x,356.0,0.26900229590326685,,,,,,,,,,,,,,,,,,
2,x,357.0,-0.029972052509128738,,,,,,,,,,,,,,,,,,
2,x,358.0,-0.16274291720779568,,,,,,,,,,,,,,,,,,
2,x,359.0,0.17848970569613712,,,,,,,,,,,,,,,,,,
2,x,360.0,0.08154278960313496,,,,,,,,,,,,,,,,,,
2,x,361.0,-0.1538087517697282,,,,,,,,,,,,,,,,,,
2,x,362.0,0.10569781174015427,,,,,,,,,,,,,,,,,,
2,x,363.0,0.04116193105510412,,,,,,,,,,,,,,,,,,
2,x,364.0,-0.10205431130601683,,,,,,,,,,,,,,,,,,
2,x,365.0,0.13310942698808315,,,,,,,,,,,,,,,,,,
2,x,366.0,0.0616892888295331,,,,,,,,,,,,,,,,,,
2,x,367.0,-0.2529565102118049,,,,,,,,,,,,,,,,,,
2,x,368.0,0.25020223911208095,,,,,,,,,,,,,,,,,,
2,x,369.0,0.19449416571954017,,,,,,,,,,,,,,,,,,
2,x,370.0,-0.40625069167006045,,,,,,,,,,,,,,,,,,
2,x,371.0,0.27660084970512505,,,,,,,,,,,,,,,,,,
2,x,372.0,0.08377285208285506,,,,,,,,,,,,,,,,,,
2,x,373.0,-0.3521194523541919,,,,,,,,,,,,,,,,,,
2,x,374.0,0.24238119633164254,,,,,,,,,,,,,,,,,,
2,x,375.0,0.188796633876018,,,,,,,,,,,,,,,,,,
2,x,376.0,-0.3408933159285855,,,,,,,,,,,,,,,,,,
2,x,377.0,0.1605945369658584,,,,,,,,,,,,,,,,,,
2,x,378.0,0.3135401739686889,,,,,,,,,,,,,,,,,,
2,x,379.0,-0.39521482949975617,,,,,,,,,,,,,,,,,,
2,x,380.0,-0.0026521482200204446,,,,,,,,,,,,,,,,,,
2,x,381.0,0.37940380859089795,,,,,,,,,,,,,,,,,,
2,x,382.0,-0.33511283168144795,,,,,,,,,,,,,,,,,,
2,x,383.0,-0.15940347860985077,,,,,,,,,,,,,,,,,,
2,x,384.0,0.3986494475842115,,,,,,,,,,,,,,,,,,
2,x,385.0,-0.15996803998116482,,,,,,,,,,,,,,,,,,
2,x,386.0,-0.13784149427276096,,,,,,,,,,,,,,,,,,
2,x,387.0,0.32801949839521743,,,,,,,,,,,,,,,,,,
2,x,388.0,-0.030030224548546557,,,,,,,,,,,,,,,,,,
2,x,389.0,-0.35742394893508805,,,,,,,,,,,,,,,,,,
2,x,390.0,0.28727757044259133,,,,,,,,,,,,,,,,,,
2,x,391.0,0.12908443638253825,,,,,,,,,,,,,,,,,,
2,x,392.0,-0.43386134727603043,,,,,,,,,,,,,,,,,,
2,x,393.0,0.3019378303018424,,,,,,,,,,,,,,,,,,
2,x,394.0,0.05944629598560096,,,,,,,,,,,,,,,,,,
2,x,395.0,-0.43539706502146963,,,,,,,,,,,,,,,,,,
2,x,396.0,0.3281759559329973,,,,,,,,,,,,,,,,,,
2,x,397.0,0.18441705101568084,,,,,,,,,,,,,,,,,,
2,x,398.0,-0.4663325287586675,,,,,,,,,,,,,,,,,,
2,x,399.0,0.0695974555592931,,,,,,,,,,,,,,,,,,
2,y,0.0,0.020977686882075953,0.00504484500367275,0.015932841878403204,,,,,,,,,,,,,,,,
2,y,1.0,0.046977196854226466,0.005045629303983855,0.04193156755024261,,,,,,,,,,,,,,,,
2,y,2.0,-0.03677482947042362,0.005046403961635005,-0.041821233432058624,,,,,,,,,,,,,,,,
2,y,3.0,-0.011168757430028388,0.005047994152937376,-0.016216751582965764,,,,,,,,,,,,,,,,
2,y,4.0,0.05097323569479845,0.005049815242589791,0.04592342045220865,,,,,,,,,,,,,,,,
2,y,5.0,-0.03401587292753016,0.005052011218876627,-0.03906788414640679,,,,,,,,,,,,,,,,
2,y,6.0,0.03670054226681239,0.005054887343922337,0.03164565492289005,,,,,,,,,,,,,,,,
2,y,7.0,0.031781451505957355,0.005058074965969425,0.02672337653998793,,,,,,,,,,,,,,,,
2,y,8.0,-0.0024483896793625667,0.005061714790429084,-0.007510104469791651,,,,,,,,,,,,,,,,
2,y,9.0,-0.04808177719741558,0.0050654345783387265,-0.05314721177575431,,,,,,,,,,,,,,,,
2,y,10.0,-0.009763753097390212,0.005069116072268939,-0.014832869169659152,,,,,,,,,,,,,,,,
2,y,11.0,0.03915363536435361,0.005072849548316978,0.03408078581603663,,,,,,,,,,,,,,,,
2,y,12.0,-0.04498029583113326,0.005076239528067074,-0.050056535359200335,,,,,,,,,,,,,,,,
2,y,13.0,0.03371210899025079,0.005080015082510735,0.028632093907740054,,,,,,,,,,,,,,,,
2,y,14.0,-0.07677224353556641,0.005084054461521432,-0.08185629799708785,,,,,,,,,,,,,,,,
2,y,15.0,-0.020474246897214245,0.005086904818620452,-0.025561151715834698,,,,,,,,,,,,,,,,
2,y,16.0,-0.04204147634908099,0.005090089699293213,-0.0471315660483742,,,,,,,,,,,,,,,,
2,y,17.0,0.024557495741105214,0.00509270344840972,0.019464792292695494,,,,,,,,,,,,,,,,
2,y,18.0,0.07835154285865041,0.005094655880007708,0.0732568869786427,,,,,,,,,,,,,,,,
2,y,19.0,-0.07937933421475012,0.005095574095515639,-0.08447490831026576,,,,,,,,,,,,,,,,
2,y,20.0,-0.015254011806252132,0.005095830513938992,-0.020349842320191124,,,,,,,,,,,,,,,,
2,y,21.0,0.06779378970073174,0.00509514746905976,0.06269864223167199,,,,,,,,,,,,,,,,
2,y,22.0,-0.0068387597561655475,0.005093670653578328,-0.011932430409743875,,,,,,,,,,,,,,,,
2,y,23.0,0.014444624785976187,0.005090862784794673,0.009353762001181515,,,,,,,,,,,,,,,,
2,y,24.0,0.009758311248358641,0.00508648466254458,0.004671826585814062,,,,,,,,,,,,,,,,
2,y,25.0,-0.024017226677486486,0.005080818321055234,-0.029098044998541718,,,,,,,,,,,,,,,,
2,y,26.0,0.06205871017538142,0.005074007781262782,0.05698470239411864,,,,,,,,,,,,,,,,
2,y,27.0,-0.010978724997721477,0.005065208668343451,-0.01604393366606493,,,,,,,,,,,,,,,,
2,y,28.0,0.03409705805862817,0.005055507681763603,0.029041550376864567,,,,,,,,,,,,,,,,
2,y,29.0,0.00368453197602095,0.005043314371818789,-0.0013587823957978396,,,,,,,,,,,,,,,,
2,y,30.0,0.02357936650677527,0.00502973827001224,0.018549628236763028,,,,,,,,,,,,,,,,
2,y,31.0,0.009025157122229947,0.005014582478748306,0.0040105746434816415,,,,,,,,,,,,,,,,
2,y,32.0,-0.011445881360451708,0.004996960950363232,-0.01644284231081494,,,,,,,,,,,,,,,,
2,y,33.0,-0.03345664095923981,0.004976923076288107,-0.03843356403552792,,,,,,,,,,,,,,,,
2,y,34.0,0.0018922578274352608,0.004955221602444145,-0.0030629637750088845,,,,,,,,,,,,,,,,
2,y,35.0,0.0900291685003279,0.004931693519572028,0.08509747498075587,,,,,,,,,,,,,,,,
2,y,36.0,-0.04967518214448219,0.004905378193701739,-0.054580560338183925,,,,,,,,,,,,,,,,
2,y,37.0,-0.003309776293259993,0.004877395556501496,-0.008187171849761489,,,,,,,,,,,,,,,,
2,y,38.0,0.0628736654010012,0.004847232206541956,0.05802643319445924,,,,,,,,,,,,,,,,
2,y,39.0,0.028182455944107763,0.004814360588912158,0.023368095355195604,,,,,,,,,,,,,,,,
2,y,40.0,0.01510532388349897,0.004779612713681929,0.010325711169817042,,,,,,,,,,,,,,,,
2,y,41.0,0.02377672329065236,0.004743280595472102,0.019033442695180258,,,,,,,,,,,,,,,,
2,y,42.0,0.023823625749162615,0.0047042031067269785,0.019119422642435636,,,,,,,,,,,,,,,,
2,y,43.0,-0.013925637451312669,0.004662769249997151,-0.01858840670130982,,,,,,,,,,,,,,,,
2,y,44.0,0.07155814899148769,0.0046195907415749835,0.0669385582499127,,,,,,,,,,,,,,,,
2,y,45.0,0.035510887006528276,0.004574111339425693,0.03093677566710258,,,,,,,,,,,,,,,,
2,y,46.0,-0.01453760043227128,0.004526581104484399,-0.01906418153675568,,,,,,,,,,,,,,,,
2,y,47.0,0.05823477513196602,0.004477472737339144,0.05375730239462687,,,,,,,,,,,,,,,,
2,y,48.0,0.03845231624757196,0.004426105726571526,0.03402621052100044,,,,,,,,,,,,,,,,
2,y,49.0,0.007349326489623085,0.0043729994441141975,0.0029763270455088874,,,,,,,,,,,,,,,,
2,y,50.0,0.0013666669184150939,0.004318535326831222,-0.002951868408416128,,,,,,,,,,,,,,,,
2,y,51.0,0.012234422445778402,0.004262374256900772,0.007972048188877631,,,,,,,,,,,,,,,,
2,y,52.0,0.02226262059982459,0.004204136513722985,0.018058484086101605,,,,,,,,,,,,,,,,
2,y,53.0,-0.029211690005739786,0.004144264638728551,-0.03335595464446833,,,,,,,,,,,,,,,,
2,y,54.0,0.03327124231123553,0.004083354299211573,0.029187888012023957,,,,,,,,,,,,,,,,
2,y,55.0,-0.09169818761127188,0.004021448999703081,-0.09571963661097496,,,,,,,,,,,,,,,,
2,y,56.0,-0.004663799618058347,0.003958122540996826,-0.008621922159055172,,,,,,,,,,,,,,,,
2,y,57.0,0.024839755049890427,0.0038938913698176028,0.020945863680072823,,,,,,,,,,,,,,,,
2,y,58.0,-0.00039741107397783684,0.003828615056407654,-0.004226026130385491,,,,,,,,,,,,,,,,
2,y,59.0,-0.00034100884235226114,0.003762842034330382,-0.004103850876682643,,,,,,,,,,,,,,,,
2,y,60.0,-0.027039668350489016,0.003696756449797049,-0.030736424800286065,,,,,,,,,,,,,,,,
2,y,61.0,-0.02802776363005008,0.0036292796847271075,-0.031657043314777186,,,,,,,,,,,,,,,,
2,y,62.0,-0.01229290617439918,0.0035621667436212825,-0.015855072918020463,,,,,,,,,,,,,,,,
2,y,63.0,-0.024188662885564982,0.003495031521375394,-0.027683694406940376,,,,,,,,,,,,,,,,
2,y,64.0,-0.028558764878828947,0.003427112625417111,-0.03198587750424606,,,,,,,,,,,,,,,,
2,y,65.0,0.012532633521577078,0.003359581659212746,0.009173051862364332,,,,,,,,,,,,,,,,
2,y,66.0,0.0323773189076663,0.0032921763626623567,0.029085142545003943,,,,,,,,,,,,,,,,
2,y,67.0,-0.030141384016022454,0.0032251314147083016,-0.033366515430730756,,,,,,,,,,,,,,,,
2,y,68.0,0.012980825758303751,0.003158165219535583,0.009822660538768168,,,,,,,,,,,,,,,,
2,y,69.0,-0.03203255487440117,0.003091868364037905,-0.035124423238439076,,,,,,,,,,,,,,,,
2,y,70.0,0.011103162102270943,0.003026231232598697,0.008076930869672247,,,,,,,,,,,,,,,,
2,y,71.0,-0.024787587384637575,0.00296111620918636,-0.027748703593823934,,,,,,,,,,,,,,,,
2,y,72.0,-0.0008267797700547328,0.002897229316192927,-0.00372400908624766,,,,,,,,,,,,,,,,
2,y,73.0,0.10096088261251009,0.0028338805221924976,0.09812700209031759,,,,,,,,,,,,,,,,
2,y,74.0,-0.011633344308421022,0.0027720724420089073,-0.014405416750429929,,,,,,,,,,,,,,,,
2,y,75.0,0.03946742669991435,0.0027111204444137792,0.03675630625550057,,,,,,,,,,,,,,,,
2,y,76.0,0.0072781089671356165,0.0026507513642264266,0.00462735760290919,,,,,,,,,,,,,,,,
2,y,77.0,-0.060510201431009554,0.002591968382189235,-0.06310216981319879,,,,,,,,,,,,,,,,
2,y,78.0,0.021449595028986076,0.002535129810691718,0.018914465218294357,,,,,,,,,,,,,,,,
2,y,79.0,-0.013324170530712016,0.0024791193288018695,-0.015803289859513885,,,,,,,,,,,,,,,,
2,y,80.0,0.022013125232238355,0.002424501101614812,0.019588624130623542,,,,,,,,,,,,,,,,
2,y,81.0,0.020193333634784375,0.002371885637454999,0.017821447997329376,,,,,,,,,,,,,,,,
2,y,82.0,0.036126157988842264,0.0023203164746962916,0.03380584151414597,,,,,,,,,,,,,,,,
2,y,83.0,-0.0376771505302212,0.0022704537453392265,-0.039947604275560426,,,,,,,,,,,,,,,,
2,y,84.0,-0.06673492191361481,0.0022224200679069007,-0.06895734198152172,,,,,,,,,,,,,,,,
2,y,85.0,0.0112390706767273,0.0021757491364336728,0.009063321540293627,,,,,,,,,,,,,,,,
2,y,86.0,0.03225550247767458,0.0021303561470990386,0.03012514633057554,,,,,,,,,,,,,,,,
2,y,87.0,-0.057741656803341396,0.002086706360701978,-0.05982836316404337,,,,,,,,,,,,,,,,
2,y,88.0,-0.01756637043272421,0.0020454026160594257,-0.019611773048783636,,,,,,,,,,,,,,,,
2,y,89.0,0.04861961429704384,0.002004695872890717,0.04661491842415312,,,,,,,,,,,,,,,,
2,y,90.0,-0.016756795158158033,0.001965619116158355,-0.01872241427431639,,,,,,,,,,,,,,,,
2,y,91.0,0.031935859242062666,0.0019287843224108851,0.03000707491965178,,,,,,,,,,,,,,,,
2,y,92.0,0.007798350663312067,0.0018928023105985784,0.005905548352713489,,,,,,,,,,,,,,,,
2,y,93.0,-0.045124763427388415,0.0018589812229776689,-0.04698374465036608,,,,,,,,,,,,,,,,
2,y,94.0,0.05430689140757525,0.0018263158510624573,0.05248057555651279,,,,,,,,,,,,,,,,
2,y,95.0,0.029160414106055542,0.001794505944692403,0.02736590816136314,,,,,,,,,,,,,,,,
2,y,96.0,0.011798098833944712,0.0017638881707735022,0.010034210663171209,,,,,,,,,,,,,,,,
2,y,97.0,0.009878179882417001,0.001735040012827262,0.00814313986958974,,,,,,,,,,,,,,,,
2,y,98.0,0.0409016354798067,0.0017070923658325154,0.03919454311397418,,,,,,,,,,,,,,,,
2,y,99.0,-0.027011415140540913,0.0016797947629662094,-0.028691209903507122,0.03726127804577142,0.0013884028416042873,-0.18429628888058588,-0.120901036570561,0.2019563441954453,8.186833349804147,-0.07121969104421721,0.039217416369234454,1.6469099717914487e-07,0.999774477182524,0.0002253581264787887,0.0006318749718230106,"{'sigma': 0.06217870210850943, 'lam': -3.1415921345168414}","{'sigma': 0.018573386747112952, 'mu': -0.4953372884117154, 'w0': 2.1443085695960002, 'delta': 1.7621269998713274e-09, 'psi': 0.1}",{'sigma': 0.018186752636727033},0.00010531249530383508
2,y,100.0,0.018159374525360355,0.001653815381517322,0.016505559143843034,0.03726369368581801,0.0013885828671104728,-0.19296761963744588,-0.11166866949930013,0.20497452861126986,8.238378061323331,-0.07159343145300429,0.03849903269589111,,,,,,,,
2,y,101.0,0.04511311288551753,0.0016290189837459296,0.0434840939017716,0.03728138063721258,0.001389901342216729,-0.17589323466827955,-0.11527443570832224,0.20367956862089656,8.276396847777443,-0.07112840296505224,0.03524798526310743,,,,,,,,
2,y,102.0,-0.011335207334965344,0.001604699017577831,-0.012939906352543174,0.037060032628384934,0.001373446018416956,-0.1858081381530941,-0.10422140937172963,0.1957957994017128,7.787457554471585,-0.0812348438920834,0.0945435662447542,,,,,,,,
2,y,103.0,-0.10321975705131131,0.0015810221391174845,-0.1048007791904288,0.03850543552765561,0.001482668565174443,-0.16381518896392913,-0.13710057354736202,0.1804992087322663,10.031562169327087,-0.21468618620768348,0.22878481861222208,,,,,,,,
2,y,104.0,0.006441552005862821,0.0015576201605435292,0.004883931845319292,0.03822962011137765,0.0014615038538602504,-0.15084017840086078,-0.149374425572532,0.17383457582647707,11.26683184568991,-0.20425480553769312,0.29363838411838616,,,,,,,,
2,y,105.0,-0.003522786079460003,0.0015349439871901118,-0.005057730066650114,0.03803228361443321,0.0014464545969286849,-0.1436576306735113,-0.13375145930038912,0.1731920897118422,10.284436119087383,-0.22395412464876946,0.36076000785679796,,,,,,,,
2,y,106.0,-0.06833409818362995,0.0015126313514036444,-0.0698467295350336,0.038530491396278926,0.0014845987672387243,-0.14586414455619406,-0.1329725467846508,0.2282626199324705,14.552459013310306,-0.20185673268976004,0.27007541174162125,,,,,,,,
2,y,107.0,0.06585366877347668,0.0014904267623668313,0.06436324201110985,0.03898526008803447,0.0015198505041316933,-0.17099388382316041,-0.12486285006249051,0.2308482727100638,13.045448916544593,-0.17955243307200294,0.20457910227110224,,,,,,,,
2,y,108.0,-0.0491746831905774,0.0014681582443521895,-0.050642841434929586,0.03929951388033516,0.0015444517912306557,-0.19279126278965775,-0.099040449545685,0.2330490240659076,15.587897620268075,-0.16287063228679133,0.12029040887272918,,,,,,,,
2,y,109.0,0.017489259770166292,0.0014463303148966016,0.01604292945526969,0.038980981741576264,0.001519516937537102,-0.20345723587704337,-0.07937512216625126,0.2072669155520157,12.27026361584998,-0.19577524575269886,0.20526354853607337,,,,,,,,
2,y,110.0,0.07097939516508757,0.0014245345344279096,0.06955486063065966,0.039573588275038284,0.0015660688889622477,-0.19020984392781431,-0.10628748055183943,0.2346188552303615,9.932388257358124,-0.19504133714602112,0.1309184465889812,,,,,,,,
2,y,111.0,-0.05806250376292424,0.0014026356544335904,-0.05946513941735783,0.03987570054856279,0.001590071494238651,-0.2030560977140052,-0.1186481326864595,0.2755605110154921,13.238346811767286,-0.1599934493096984,0.0645628525469263,,,,,,,,
2,y,112.0,-0.09596257149247166,0.001380156236831592,-0.09734272772930325,0.04074077578102567,0.0016598108112398074,-0.15162309410290334,-0.18696443787261333,0.2505716624314263,16.281245547062472,-0.2345012529018994,0.11224534927518232,,,,,,,,
2,y,113.0,0.014136918913238277,0.0013573950174422217,0.012779523895796055,0.040655330708921245,0.0016528559150517546,-0.14397676613060337,-0.18591874202326136,0.2634662336144324,17.625948451956962,-0.22761436473277002,0.13262147554430562,,,,,,,,
2,y,114.0,-0.027790006856655836,0.0013346751159576025,-0.029124681972613437,0.039932734657947756,0.001594623297262062,-0.16231342880653304,-0.1916031270407742,0.288022515376676,14.280134383478126,-0.1989099790285384,0.2053606685753511,,,,,,,,
2,y,115.0,-0.01363170459772391,0.0013110170648570553,-0.014942721662580965,0.03987967340819313,0.0015903883511441464,-0.16811798033827466,-0.19006476651616167,0.3062705559056669,13.920534336720655,-0.20580041535923133,0.22371208902157075,,,,,,,,
2,y,116.0,0.03587015128775567,0.0012862496980983195,0.03458390158965735,0.039750609516873536,0.0015801109569629568,-0.16617986381824443,-0.1774835342004665,0.29076974268225786,10.908733148947814,-0.24700377211705674,0.2715328180965394,,,,,,,,
2,y,117.0,-0.03195905046648066,0.0012610518520158147,-0.03322010231849648,0.03984387440433939,0.0015875343275487713,-0.1847341996647333,-0.16698614447100427,0.2988282682037196,12.941533457452024,-0.2120994775060108,0.2321922597855784,,,,,,,,
2,y,118.0,-0.015786746694706165,0.0012355544837653828,-0.017022301178471547,0.039180690688192715,0.0015351265228038312,-0.1463803273170069,-0.16325902284849286,0.2776065887076669,18.331202400134565,-0.22115557170537625,0.30651757771638666,,,,,,,,
2,y,119.0,0.04528025713428889,0.0012088702404400953,0.0440713868938488,0.03851976525506343,0.0014837723153051923,-0.16572424112552986,-0.14108301219118355,0.28543401491063153,11.383000412864194,-0.2137096036134781,0.3528545409876207,1.8598805527293432e-06,0.999894391957786,0.00010374816166132376,0.0006349213274259672,"{'sigma': 0.06217357411358468, 'lam': -3.141592278802304}","{'sigma': 0.018165311833960862, 'mu': -0.4692265069646647, 'w0': 2.031276554156035, 'delta': 1.2137403466727648e-06, 'psi': 0.1}",{'sigma': 0.018087968914744953},0.000195360408438759
2,y,120.0,-0.06312945295253909,0.0011814554822612733,-0.06431090843480036,0.03900465132152088,0.0015213628247134204,-0.1752338116274899,-0.13337937585533502,0.29693061810023746,13.42572032969522,-0.21649115781394077,0.25325624683949893,,,,,,,,
2,y,121.0,0.08974388430227954,0.0011527933546235235,0.08859109094765602,0.039509242760133935,0.0015609802634791955,-0.20372303816796736,-0.10847306199814051,0.28068736612012524,12.644092761943101,-0.15291518180786554,0.29446062965125264,,,,,,,,
2,y,122.0,0.04716825491733643,0.0011230599037682942,0.04604519501356814,0.03975646702632398,0.001580576670415186,-0.17041679575858154,-0.12526121302483753,0.28911954150022756,10.848226295971122,-0.1784688333439286,0.23962861334779054,,,,,,,,
2,y,123.0,0.042740069278107674,0.001091827136214709,0.041648242141892965,0.03995881754877286,0.001596707099896118,-0.15675595761071925,-0.0965827165413166,0.2654522976150828,10.121937233925678,-0.18945933773266269,0.19050218763150562,,,,,,,,
2,y,124.0,0.06375660711149035,0.0010604050007107053,0.06269620211077964,0.04043206556760422,0.0016347519260630466,-0.13805202184277748,-0.07938995415267996,0.2914350187032701,9.009475272730123,-0.19009560982303567,0.10791300208084692,,,,,,,,
2,y,125.0,-0.009395296818554532,0.0010273052018053013,-0.010422602020359833,0.04033222770949116,0.0016266885920102464,-0.13207503235920443,-0.08557199048799011,0.2927277443376519,8.703645874328068,-0.20144439772678788,0.1399928466867414,,,,,,,,
2,y,126.0,0.02112876307517679,0.0009925619526921366,0.020136201122484654,0.0399889471864586,0.0015991158970813752,-0.1285904942741331,-0.08797073466216448,0.2997113805066335,9.465630780870852,-0.2046863939232819,0.2053436360451906,,,,,,,,
2,y,127.0,-0.016841564667877354,0.0009575905613584117,-0.017799155229235766,0.039997037481548536,0.0015997630073003983,-0.12795173376365093,-0.08678512408849925,0.2908105859556887,9.600782619233303,-0.20350181545282028,0.20248215393859384,,,,,,,,
2,y,128.0,-0.007967401840589961,0.0009205613673909956,-0.008887963207980958,0.03991124102801731,0.0015929071603964925,-0.126467197492991,-0.09124598718778922,0.2914777976540424,10.656143462634326,-0.17935047969050077,0.22078445363480054,,,,,,,,
2,y,129.0,0.013601367894741187,0.0008823654994314329,0.012719002395309754,0.03992787565184564,0.0015942352540692481,-0.12697469035450915,-0.09248516634352485,0.29244931636517946,10.385599511491426,-0.18965313238276854,0.21805236437917466,,,,,,,,
2,y,130.0,0.03991668292206229,0.0008433857622467142,0.03907329715981558,0.04007106724030195,0.0016056904297767998,-0.1239655843080778,-0.0926098876568393,0.29248395227648094,9.997982378379014,-0.19537535968329303,0.18326236674270904,,,,,,,,
2,y,131.0,-0.025574688958142987,0.0008027005336373993,-0.026377389491780385,0.040165309081813955,0.0016132520536376465,-0.12948986192469403,-0.09410718710094979,0.29352247694965244,10.968383521818486,-0.17421314372049612,0.14918064126259792,,,,,,,,
2,y,132.0,0.06624567092535666,0.0007609442417101264,0.06548472668364654,0.04063906189150725,0.0016515333514217567,-0.14368538853440926,-0.07810330765501457,0.3105385991201618,9.15534941143051,-0.18788719106752186,0.08154970327179167,,,,,,,,
2,y,133.0,-0.015750252366331704,0.0007181591356970249,-0.01646841150202873,0.0404784410022074,0.0016385041859691852,-0.15106413633845683,-0.05544579054872951,0.2946890122688962,8.769356635487881,-0.19756973109693599,0.12648584818615058,,,,,,,,
2,y,134.0,-0.051306708113886,0.0006738810785912873,-0.051980589192477285,0.04083451538192275,0.0016674576464764859,-0.14396626840971835,-0.07792280230071727,0.3006583632767109,9.99888557668741,-0.17959104758922506,0.03859485953883651,,,,,,,,
2,y,135.0,0.060572209654752886,0.0006288530113844434,0.059943356643368445,0.04038960102968717,0.0016313198713373066,-0.1359376719226065,-0.08030484680816773,0.2968581046343159,10.658751197252888,-0.2266380064973803,0.02303932160105781,,,,,,,,
2,y,136.0,-0.009662306920058848,0.0005818375778859806,-0.010244144497944828,0.04001179011447862,0.0016009433481650888,-0.14378782464862008,-0.05678669701799018,0.3094262429998467,9.550570839795077,-0.2392398620969731,0.1119732473098719,,,,,,,,
2,y,137.0,-0.013771689002120707,0.0005348015895279455,-0.014306490591648652,0.040031774956154044,0.0016025430061401623,-0.14029936786918326,-0.06056789507113401,0.3123545614641841,9.80006789616869,-0.23470770502341287,0.10430427081131056,,,,,,,,
2,y,138.0,-0.014026500628245439,0.00048646012040059366,-0.014512960748646032,0.03965557259192342,0.001572564437593308,-0.1483650706947193,-0.06345375396841899,0.29978561198967657,11.959416733047188,-0.2157432036206265,0.16530019587105704,,,,,,,,
2,y,139.0,-0.0557393599792841,0.0004369064108724689,-0.05617626639015657,0.039997396632601885,0.0015997917373856724,-0.14289601267144428,-0.06007776901708834,0.29886845359343933,16.149948556713742,-0.1811984102404269,0.08135907698271505,1.6055194122162214e-05,0.9977754595054665,0.0022084853004113642,0.001046103688070037,"{'sigma': 0.06743081379233323, 'lam': -3.1415926013023516}","{'sigma': 0.020344036818022326, 'mu': -0.5063211933387286, 'w0': 2.1918584661074108, 'delta': 7.191701659747807e-07, 'psi': 0.1}",{'sigma': 0.019565882772208703},0.00016093902893385162
2,y,140.0,0.006387779642661585,0.0003867621458892419,0.006001017496772343,0.03998861094124323,0.001599089005010118,-0.14499221349010843,-0.06190766776443824,0.2995174580051107,16.735477603088896,-0.17814503774553495,0.08329969378949219,,,,,,,,
2,y,141.0,-0.008347045465639753,0.0003360445952676613,-0.008683090060907415,0.03995208048014392,0.0015961687346918968,-0.14794215069912597,-0.056191028744052206,0.29670559665575535,19.317191256266742,-0.15860347671131217,0.08952711138054133,,,,,,,,
2,y,142.0,0.07306099934037219,0.00028437822578772733,0.07277662111458447,0.0405694302946022,0.001645878674428587,-0.14739843895736573,-0.06145120576344843,0.25985061962896666,15.843797796221056,-0.13313245863379072,0.01808546463596597,,,,,,,,
2,y,143.0,-0.0008783192162010386,0.00023236505000435797,-0.0011106842662053965,0.040524607025883716,0.0016422437746023038,-0.1399966385449692,-0.05800484567184787,0.2581690713092458,15.058971940683975,-0.14572465339659055,0.033859469040000686,,,,,,,,
2,y,144.0,0.016651818269791015,0.0001802121412206881,0.016471606128570328,0.04000012087283549,0.0016000096698414498,-0.1555782438405258,-0.04211899353966781,0.23944533249612582,18.67421579727518,-0.15941605342639578,0.1104746484758907,,,,,,,,
2,y,145.0,-0.014964125733942195,0.00012752159973952975,-0.015091647333681724,0.03990557148349572,0.0015924546354243872,-0.15383672527579512,-0.05341118767853492,0.2230241379834229,24.37357704680604,-0.13059118840197972,0.13018072770664052,,,,,,,,
2,y,146.0,-0.09900860249251187,7.429819326302504e-05,-0.0990829006857749,0.041068279175318995,0.0016866035544219398,-0.13529571967095372,-0.058101026058462284,0.21768209766318852,51.81873952948206,-0.20205657226532509,0.11841657621462444,,,,,,,,
2,y,147.0,0.07582199998520679,2.10869415159568e-05,0.07580091304369084,0.04142404102117005,0.0017159511745235786,-0.1880380868385365,-0.06620228371443039,0.22412663874804636,42.77533714673324,-0.17101152435575848,0.10813608975254935,,,,,,,,
2,y,148.0,0.04544779964093805,-3.207233684894044e-05,0.04547987197778699,0.041537579013989814,0.0017253704703434469,-0.163818758591103,-0.0910231792350136,0.2174080031520002,40.002896261825704,-0.1697879015025064,0.08659000890501291,,,,,,,,
2,y,149.0,-0.0888489786958211,-8.491149940398736e-05,-0.08876406719641712,0.04245413613794451,0.0018023536752191265,-0.18256703154847323,-0.12681869483208946,0.2560609121464421,555.8188977412699,-0.18425254031440477,-0.001870822197518891,,,,,,,,
2,y,150.0,0.056593360019013994,-0.00013794771478837392,0.05673130773380237,0.042855615792268605,0.001836603804934542,-0.20519030975543448,-0.10926642136959751,0.275536631317374,68.17106583387594,-0.1954781289271228,-0.06860660950221983,,,,,,,,
2,y,151.0,0.021371463144531762,-0.00019018940409409142,0.021561652548625854,0.04290656885420409,0.0018409736508405565,-0.19691938207236687,-0.11648940502200188,0.27862554828466857,59.590919203753074,-0.20303705619651155,-0.0795032854317967,,,,,,,,
2,y,152.0,0.06988458492432689,-0.00024244939968068633,0.07012703432400758,0.043453642091747874,0.0018882190110377226,-0.18248770164285288,-0.09483746777102599,0.2518824869589109,36.3252413708892,-0.18766875903112637,-0.14297877763617792,,,,,,,,
2,y,153.0,-0.06882456664210261,-0.00029480013447189814,-0.06852976650763071,0.04386221648900952,0.0019238940353287386,-0.19917110509489666,-0.12167799368508016,0.22319971873788944,54.82027023902124,-0.19196778480353557,-0.19966899038512848,,,,,,,,
2,y,154.0,-0.028351864563634102,-0.0003450056928824286,-0.028006858870751675,0.043838635231026005,0.0019218259389189546,-0.17643047032010756,-0.1294340320796332,0.21617560814450396,238.41103004793288,-0.15810656109795668,-0.2039346433296424,,,,,,,,
2,y,155.0,0.014536072512596462,-0.00039466806395563716,0.014930740576552099,0.04282071079578317,0.0018336132730561018,-0.18690831526636584,-0.12560749577538427,0.22272861791766055,34.36044751294895,-0.13834133147688796,-0.1601117888594896,,,,,,,,
2,y,156.0,-0.020583885325935688,-0.0004444719525922512,-0.020139413373343438,0.04285857879499724,0.0018368577763269874,-0.1875506311368797,-0.12242259502587037,0.22688388095845902,39.42758522628213,-0.13068534360765438,-0.17150233844373056,,,,,,,,
2,y,157.0,-0.02169615243754862,-0.0004918739135037072,-0.02120427852404491,0.04285286100577055,0.0018363676963798904,-0.18476820990022905,-0.12370255624299772,0.23370271775310109,68.93283839017693,-0.10308072233258243,-0.17486931546761333,,,,,,,,
2,y,158.0,0.01827716899716552,-0.0005385874546656441,0.018815756451831166,0.04289680539162992,0.0018401359128073695,-0.18663267916609547,-0.12645435902812882,0.23496180704840533,53.063386478236445,-0.11819981140419923,-0.18386850330992052,,,,,,,,
2,y,159.0,-0.021370938892603508,-0.0005841726557076509,-0.020786766236895855,0.042942651687744776,0.0018440713339749695,-0.18942452262443737,-0.12477598250724274,0.2365393943957408,71.79754100595908,-0.10698096869848894,-0.1975847465677405,7.953935628361263e-09,0.9999978199408939,2.172105170320857e-06,0.0013360707588218564,"{'sigma': 0.07217861483789362, 'lam': -3.1415926500988323}","{'sigma': 0.022454651033769313, 'mu': -0.5092705216218258, 'w0': 2.2046262633707654, 'delta': 9.133179164066973e-07, 'psi': 0.1}",{'sigma': 0.02108142292619378},0.00020554934751105457
2,y,160.0,0.002013438224167551,-0.0006278303744050853,0.0026412685985726363,0.04283761199956399,0.0018350610018251887,-0.19573282191532002,-0.12736270119416984,0.23242305026145008,48.20588596058314,-0.12811737818650512,-0.1678512875743473,,,,,,,,
2,y,161.0,-0.005442787656564687,-0.0006697713623248898,-0.004773016294239797,0.04272442631251481,0.001825376603733508,-0.1991778017595067,-0.13210693744511845,0.2272789486264121,38.33546142836651,-0.14442083303773515,-0.13622430490173706,,,,,,,,
2,y,162.0,0.06312052141219023,-0.0007110166344677733,0.063831538046658,0.04317121142801231,0.0018637534961621406,-0.20156889135385062,-0.13299404515123728,0.21825048436564776,23.103225944131047,-0.1622991465968147,-0.19452154103541397,,,,,,,,
2,y,163.0,-0.08024459192333236,-0.0007497620245901784,-0.07949482989874218,0.043819479825580744,0.0019201468121844776,-0.22911073517843564,-0.12762444474450932,0.21864284847512674,33.49950849029105,-0.1790687049276941,-0.2543568294722567,,,,,,,,
2,y,164.0,0.04905682805376734,-0.0007862252170596476,0.04984305327082699,0.04397933237872745,0.0019341816764785844,-0.2437241238937675,-0.10428477784438628,0.21118480071156154,21.101106051261493,-0.21513408021421684,-0.2662900105701396,,,,,,,,
2,y,165.0,0.023661575810263583,-0.0008216773703823546,0.024483253180645936,0.04403522099898704,0.0019391006884296289,-0.23753154853441916,-0.11119099077155468,0.21623501409675144,20.056955656530036,-0.22343517880727615,-0.27657816867950813,,,,,,,,
2,y,166.0,-0.02384836667534539,-0.0008542079901357479,-0.022994158685209643,0.044007676018336564,0.001936675548534875,-0.23594139566542122,-0.11812208709853148,0.22907707347322515,26.94481913024505,-0.19197591584108403,-0.28070647258347076,,,,,,,,
2,y,167.0,-0.07902788693025278,-0.0008849656244013115,-0.07814292130585147,0.04457960906798792,0.001987341544654631,-0.22132911720346596,-0.1328044088656421,0.2057098041744782,38.955017468081174,-0.20596497302234631,-0.3312698819108059,,,,,,,,
2,y,168.0,0.004137302492325419,-0.0009138612482283881,0.005051163740553807,0.04457157710560344,0.0019866254856807522,-0.21883116708996037,-0.13359834366976941,0.20773614325915551,42.20986747229697,-0.20289374180496048,-0.3302137785570491,,,,,,,,
2,y,169.0,0.03393969574371558,-0.0009392823195687501,0.034878978063284334,0.044564321296492605,0.0019859787326170246,-0.21665262436329435,-0.15073637026598588,0.20242417091058937,25.97481720350066,-0.2410955998035042,-0.3143136367746891,,,,,,,,
2,y,170.0,-0.07707481590920179,-0.0009632514401846533,-0.07611156446901714,0.04521374880547297,0.0020442830810444086,-0.2254475807024818,-0.15022246749211823,0.22841869746881835,54.21999811746708,-0.22439959989776925,-0.40085631636129715,,,,,,,,
2,y,171.0,0.0311348516754313,-0.000985136096870981,0.03211998777230228,0.04524107324164373,0.0020467547080557725,-0.23465309504147897,-0.13336671305363207,0.22713212335904828,32.47467189322103,-0.2584244356080043,-0.39293185105683376,,,,,,,,
2,y,172.0,0.03010579970041354,-0.0010037390900232371,0.031109538790436778,0.04534266447864098,0.0020559572220226105,-0.23227314466267596,-0.14362512035502026,0.23309298593405609,26.633857472542612,-0.27701181733820335,-0.4063174223316549,,,,,,,,
2,y,173.0,-0.09304197230147532,-0.0010197518783262752,-0.09202222042314905,0.04520634189136695,0.0020436133471991584,-0.24000423707472238,-0.17793697789834942,0.26307994931530615,-190.2751648307117,-0.3427745302319108,-0.4850918433912781,,,,,,,,
2,y,174.0,0.02246562618899613,-0.001034227261172782,0.023499853450168914,0.04525264227435452,0.0020478016328106976,-0.2441218715618741,-0.17296231959921948,0.2643501854563038,437.62245695041213,-0.36544655705612533,-0.4825878609372525,,,,,,,,
2,y,175.0,0.08641819514062031,-0.001044972925738388,0.0874631680663587,0.0459555927095879,0.0021119165012895287,-0.23048261852644414,-0.19634185886584107,0.2701845199248935,80.21386228221188,-0.31544938998018623,-0.48412857360516875,,,,,,,,
2,y,176.0,-0.02067900587068837,-0.001053648680795367,-0.019625357189893,0.045993702946911075,0.0021154207107686967,-0.23484825184092786,-0.19899661207024127,0.27379648923218936,156.79197331128825,-0.299309310556008,-0.49917729732798155,,,,,,,,
2,y,177.0,-0.051711448293809616,-0.0010600840768246265,-0.05065136421698499,0.04583902823933079,0.0021012165099261655,-0.22503254189279318,-0.22228750287912502,0.2745945214283308,120.20837622626338,-0.2978940259356683,-0.4826597086198232,,,,,,,,
2,y,178.0,0.005641695204613053,-0.0010629406339593822,0.006704635838572435,0.045803461054940514,0.0020979570446114527,-0.22426537549931538,-0.2249630420484712,0.271247635149431,205.16600187126517,-0.291156738978379,-0.47814929323755023,,,,,,,,
2,y,179.0,0.005883498128200522,-0.0010634407860262392,0.006946938914226762,0.04578300583322337,0.002096083623124965,-0.22281956911790157,-0.22430943116123295,0.27385144543807816,110.23352485438875,-0.3063276881370291,-0.46741825114052277,4.275801775378922e-12,0.9999999611417885,3.8853935578990596e-08,0.0006183860923040862,"{'sigma': 0.07393569471693445, 'lam': -3.1415924036403484}","{'sigma': 0.022959969289696902, 'mu': -0.5041841837753315, 'w0': 2.1826066613809423, 'delta': 5.693325810796068e-10, 'psi': 0.1}",{'sigma': 0.021871691028009923},0.00019027264378587255
2,y,180.0,-0.0654855766234073,-0.0010629153908032884,-0.06442266123260401,0.046184548213085465,0.002133012493646816,-0.22505511808477452,-0.22853516295355167,0.2898757440888302,-100.47554469521558,-0.27119702856094374,-0.5405353203459423,,,,,,,,
2,y,181.0,0.010518760790793296,-0.0010583446013707083,0.011577105392164003,0.046162953054284105,0.002131018234692038,-0.23068673775951837,-0.2255268591019501,0.29983564268270535,-82.96641150595856,-0.26793193799079085,-0.537517642557627,,,,,,,,
2,y,182.0,0.0011267514579852435,-0.001050692254561708,0.0021774437125469514,0.04602925569054944,0.002118692379425978,-0.22537208976077588,-0.21592072788171768,0.2992175328144941,-50.782531681091605,-0.25374523837463653,-0.5188246379931013,,,,,,,,
2,y,183.0,0.0009156560028407718,-0.001042500957297097,0.001958156960137869,0.04586576011764616,0.0021036679511694614,-0.24151221204147086,-0.2147245681453384,0.303124298264342,-88.12351041589491,-0.2783425656417988,-0.47718516039366643,,,,,,,,
2,y,184.0,0.03106835682185823,-0.001031334756716796,0.03209969157857503,0.04546572401712135,0.0020671320604010454,-0.24014916521179758,-0.20638829007421958,0.2902411233494327,99.36528233096402,-0.31545609997736174,-0.408262276902456,,,,,,,,
2,y,185.0,0.04815726582283256,-0.0010165258789277697,0.049173791701760325,0.04572293645479669,0.0020905869180493763,-0.23232274356667726,-0.20366503193888477,0.2904608579902685,55.3048692258361,-0.32425561403942066,-0.44243834175284974,,,,,,,,
2,y,186.0,-0.025838495528009174,-0.0010007846497098911,-0.024837710878299283,0.045692025509891154,0.002087761195196544,-0.2303406681851471,-0.20451652166498935,0.2848517823129792,185.88847427614286,-0.2926657713034374,-0.4517777188874165,,,,,,,,
2,y,187.0,-0.08925294400586439,-0.0009829306472070574,-0.08827001335865733,0.04615328235669152,0.002130125472296493,-0.22290170333030834,-0.20978036478765077,0.26207832281484417,-665.9018505813003,-0.3145347682747137,-0.45160894052382766,,,,,,,,
2,y,188.0,0.0015021332312694876,-0.0009619591448738036,0.002464092376143291,0.04611353195431363,0.002126457829301504,-0.21691442039352377,-0.21198707340888628,0.2651700671272454,379.92423591417656,-0.3292629711481192,-0.43638927898435326,,,,,,,,
2,y,189.0,0.03127282501393213,-0.0009399804214318905,0.03221280543536402,0.04598803785337002,0.002114899625602994,-0.21309317823895302,-0.2297564610467795,0.25990161016536917,-882.8184562804389,-0.3296578022245143,-0.42053665485145153,,,,,,,,
2,y,190.0,-0.018678528194857186,-0.00091569423181399,-0.017762833963043196,0.04598427261627282,0.0021145533280476983,-0.21308540221539668,-0.2294809670012854,0.2595907486378112,-644.8536722814056,-0.33028024141362494,-0.4194269565094084,,,,,,,,
2,y,191.0,-0.0659841896070023,-0.000889306348528673,-0.06509488325847362,0.04633171017055383,0.0021466273673282016,-0.20709100039837933,-0.23163078275245025,0.2504862717524276,-44.10401160297367,-0.2910625838757315,-0.4874165271810494,,,,,,,,
2,y,192.0,-0.03464182376118074,-0.0008619932925656098,-0.03377983046861513,0.046438988955690354,0.002156579695226731,-0.19430229553977407,-0.23153970668635457,0.2437627219519939,-31.48594186000453,-0.2664462786428255,-0.518805939266816,,,,,,,,
2,y,193.0,0.06537688967919168,-0.0008332542772751699,0.06621014395646685,0.046703383209978036,0.0021812060032580585,-0.19277421036163375,-0.2426816152892028,0.23925917154641568,-126.26107989340792,-0.29505474883020777,-0.5119955615805707,,,,,,,,
2,y,194.0,0.0912372223607415,-0.0008023515747498643,0.09203957393549136,0.04732090061248552,0.002239267634776732,-0.16671503905726076,-0.25581915668308247,0.20357990188348066,-79931.83530828424,-0.24647591577317365,-0.4953818604417115,,,,,,,,
2,y,195.0,-0.05232018915060275,-0.0007703118948423758,-0.05154987725576037,0.047514275826997375,0.002257606407363987,-0.18541904551241623,-0.26911372473413764,0.20510723387807867,-58.2712650939053,-0.20765660683529255,-0.540104974511197,,,,,,,,
2,y,196.0,0.045136240163178756,-0.0007377997769569657,0.045874039940135725,0.047732888114896295,0.0022784286077892077,-0.19454921171863057,-0.245840369360834,0.21848440812518094,-99.02747053213774,-0.21817817347695276,-0.5701551570126222,,,,,,,,
2,y,197.0,0.07637214514241317,-0.0007033799909902951,0.07707552513340346,0.04835448104255866,0.0023381558368951653,-0.1773943789134814,-0.2579293660597782,0.24295035815213006,264.3433378011838,-0.21080959880879432,-0.614639456712596,,,,,,,,
2,y,198.0,-0.07476023487186592,-0.0006683548912230398,-0.07409187998064289,0.0487538678666542,0.002376939631959177,-0.19369384102176096,-0.2728683648714898,0.24906941491905019,-50.0709498600214,-0.17612577676159047,-0.6623580236002033,,,,,,,,
2,y,199.0,-0.008656316595587871,-0.0006328993870599115,-0.00802341720852796,0.04867933798827331,0.002369677946976549,-0.187561521408395,-0.2677003313860042,0.24553525023960027,-61.60813071543307,-0.18807997038194268,-0.645334843269981,5.561850620410485e-09,0.9999883279543552,1.1666483794054161e-05,0.0006126253530326306,"{'sigma': 0.0744378749811303, 'lam': -3.141592638149589}","{'sigma': 0.021514637996677077, 'mu': -0.4646119160186031, 'w0': 2.011298837839016, 'delta': 5.741744857346021e-10, 'psi': 0.1}",{'sigma': 0.021924713919745282},0.00020420845101087697
2,y,200.0,0.030866662280633124,-0.0005970382327656385,0.031463700513398765,0.04875616496167779,0.0023771636217703373,-0.19234642801902324,-0.2736786033090138,0.2666479166839477,-73.53074475404506,-0.19404589563896985,-0.6564060888159816,,,,,,,,
2,y,201.0,0.011322272296952363,-0.000560518654736326,0.011882790951688689,0.04856886382003036,0.002358934532768654,-0.1886412463900039,-0.2612240800590078,0.25986831496353285,-48.52130184428888,-0.18396821486295822,-0.6311661878230284,,,,,,,,
2,y,202.0,-0.01355966456297248,-0.0005231293114385183,-0.013036535251533962,0.048569104155703174,0.0023589578784875436,-0.19928734530136116,-0.2622471920122057,0.2599551906389339,-47.466699503508636,-0.18390831061718954,-0.6312288835670096,,,,,,,,
2,y,203.0,0.008528201490350103,-0.0004867411014876793,0.009014942591837783,0.04743306634417224,0.0022498957828106453,-0.20224463611636703,-0.2703620174434204,0.23657646124464726,503.24306251410053,-0.16288540454841516,-0.6199920134263502,,,,,,,,
2,y,204.0,-0.020919521945590085,-0.00044959659933529767,-0.02046992534625479,0.04747502623920953,0.0022538781164136335,-0.20275453854684664,-0.2702674688574855,0.2359840752799635,-264.69723964051315,-0.14695532549975243,-0.6317963930173324,,,,,,,,
2,y,205.0,-0.06700788888676928,-0.00041248396079074666,-0.06659540492597854,0.04793594329917436,0.002297854659981659,-0.19825144261026018,-0.27128023948077096,0.23767687267700355,-58.874394702290644,-0.1309021413961995,-0.693523586750858,,,,,,,,
2,y,206.0,0.0562502071056823,-0.00037631022864036243,0.05662651733432266,0.04776287557684383,0.002281292283369065,-0.19560841321129233,-0.295252505975157,0.24608280743557914,110.65543158264316,-0.16433920442051522,-0.6695145696777678,,,,,,,,
2,y,207.0,-0.06793177574360763,-0.0003405472630841832,-0.06759122848052344,0.047803567091960125,0.002285181026715533,-0.1977105296168204,-0.27656085329686314,0.23416134392453455,-52.75060447318458,-0.13376177806607703,-0.6879783142953972,,,,,,,,
2,y,208.0,0.07708741722308804,-0.0003050674486316696,0.0773924846717197,0.048168746300087904,0.002320228120122232,-0.21379310113964312,-0.23957169683377297,0.19444959497099984,135.15261232329826,-0.15660660142214916,-0.6849649442991405,,,,,,,,
2,y,209.0,0.02480802866654531,-0.00027053934666372527,0.025078568013209037,0.04820672200808103,0.0023238880467644036,-0.20945927500969028,-0.24210512514878874,0.21089459769071514,112.21556918823647,-0.16095049942012604,-0.6906977872896616,,,,,,,,
2,y,210.0,-0.1414243031945708,-0.00023711053990771208,-0.1411871926546631,0.049741855726373276,0.0024742522111033337,-0.20166774328440923,-0.25425956247229353,0.2403085430585061,-29.3558107934533,-0.28273468622042974,-0.36726310100148063,,,,,,,,
2,y,211.0,-0.02135417029437792,-0.00020377714738960506,-0.021150393146988314,0.049437893963191246,0.0024441053595157416,-0.21029266062101393,-0.2546996349278361,0.22427850836658006,-37.245185848728916,-0.295780207922492,-0.31038510402578334,,,,,,,,
2,y,212.0,0.11055333102403404,-0.00017217665634839297,0.11072550768038243,0.049726962907289514,0.0024727708399829474,-0.2134147914216522,-0.32074648230662256,0.22838100177625478,67.39936722459177,-0.2268186869535448,-0.22118794191799374,,,,,,,,
2,y,213.0,-0.12963304860871838,-0.00014218612389662114,-0.12949086248482175,0.0513913496865895,0.0026410708226093232,-0.2569160707993878,-0.2982278077160625,0.28507210723798737,-73.42628568402644,-0.28924191557597334,-0.16889616313531738,,,,,,,,
2,y,214.0,-0.010211486613243139,-0.00011208087224146457,-0.010099405741001674,0.05131951507646263,0.0026336926276832756,-0.245706821401474,-0.292065998968232,0.28279717149051675,-97.91581057602978,-0.30008751944303885,-0.1489674228191923,,,,,,,,
2,y,215.0,0.06414703911243608,-8.479343912373005e-05,0.0642318325515598,0.05170097093339429,0.0026729903954556813,-0.24487300295473446,-0.3148584645722127,0.30064245106664517,203.81300277623407,-0.32008206359550573,-0.1899657604093242,,,,,,,,
2,y,216.0,-0.022994164453885586,-5.967212171065011e-05,-0.022934492332174938,0.051637542323292936,0.002666435777189869,-0.2450274598731499,-0.31218121787781344,0.2980182168970446,-154.15365181717536,-0.29109443989314887,-0.19156191670154252,,,,,,,,
2,y,217.0,0.00531165881311103,-3.423241965917962e-05,0.0053458912327702095,0.05153161966540504,0.0026555078253399592,-0.24807501425256107,-0.304672440162983,0.2925381276871706,1365.7057415738038,-0.31305589079257357,-0.1600601109643227,,,,,,,,
2,y,218.0,0.05755595957951697,-1.0937936139502594e-05,0.057566897515656475,0.05181764587072443,0.002685068423583805,-0.24361028362284265,-0.3145421862922238,0.31311657525136005,67.19444598462098,-0.33765850966594,-0.18946639597706258,,,,,,,,
2,y,219.0,-0.006169221002327651,9.206665444948757e-06,-0.0061784276677726,0.0516393576515811,0.0026666232586679073,-0.2356361726910175,-0.33561624546046864,0.30792977555236967,201.19370702760668,-0.31737578665664606,-0.16780158428847614,7.557649363686314e-13,0.9999999998447842,1.544600405692678e-10,0.0005319011724596159,"{'sigma': 0.07761149859497987, 'lam': -3.1415918910032423}","{'sigma': 0.022089648085008573, 'mu': -0.42093358079950116, 'w0': 1.921031990011672, 'delta': 0.09881608801172403, 'psi': 0.1}",{'sigma': 0.022963714214472953},0.00024549284882751504
2,y,220.0,-0.06445179052308395,2.8814063206062372e-05,-0.06448060458629001,0.05164151255001478,0.0026668458184533335,-0.2151164513382662,-0.3374553091790619,0.31852050326399123,212.13109808245312,-0.3173960503809539,-0.16805299414281077,,,,,,,,
2,y,221.0,-0.00580867287299433,4.64951177170294e-05,-0.005855167990711359,0.05087252252672766,0.002588013548232413,-0.23232791448209203,-0.35852244549220064,0.3003862243317242,-71.44173629152509,-0.32866239300452343,-0.11113694064203673,,,,,,,,
2,y,222.0,0.12332328103192564,6.170513143645309e-05,0.12326157590048918,0.0521547782235873,0.002720120891551576,-0.23735348133893172,-0.39156893118677966,0.2912582512045738,1054.3520670921498,-0.22016552580440465,-0.04890935518049581,,,,,,,,
2,y,223.0,-0.10007348832268378,7.508332457433831e-05,-0.10014857164725813,0.05294228730731018,0.0028028857853297767,-0.28411806634843845,-0.38261415644235486,0.30553588990621167,-38.40100301904171,-0.20387486907890562,-0.11796428612048145,,,,,,,,
2,y,224.0,-0.03732719218709096,8.676849634757332e-05,-0.03741396068343854,0.05267020462936918,0.0027741504556996225,-0.2655963527685887,-0.39537136373251636,0.31198337859446484,-22.042285812547103,-0.1705335701566662,-0.09243141601751206,,,,,,,,
2,y,225.0,0.07673365001940972,9.554941161687785e-05,0.07663810060779284,0.053247080785229405,0.002835251612148746,-0.2716988897101684,-0.4127624012005464,0.33505275838849613,-34.84259696693432,-0.18178060201292034,-0.1584705286669859,,,,,,,,
2,y,226.0,-0.05762315007471185,0.00010326830246890854,-0.05772641837718076,0.053500658794051546,0.0028623204913975253,-0.28191750691267864,-0.4021587547186967,0.3464656885459565,-23.103080267426783,-0.1474651351474012,-0.21089709378594482,,,,,,,,
2,y,227.0,0.1413207284619009,0.0001088509256094669,0.14121187753629144,0.055356440161081655,0.0030643354673074137,-0.2986608362179693,-0.34547851568847165,0.319570927668504,-75.40577035853127,-0.042460983063235744,-0.0982003568338769,,,,,,,,
2,y,228.0,0.05929338999333939,0.00011156047780296009,0.05918182951553643,0.0556684698455897,0.0030989785349493297,-0.25900772098284747,-0.3528510641694122,0.32991385017480584,-905.0872173428085,-0.06651977629444603,-0.14828672744471777,,,,,,,,
2,y,229.0,-0.0568646245303216,0.00011269663496159884,-0.0569773211652832,0.055946950462882776,0.0031300612660962596,-0.26945231678130105,-0.36476982887943366,0.33643252968895404,-73.02195847711445,-0.03856402082038381,-0.19771306824473234,,,,,,,,
2,y,230.0,-0.03590220794490898,0.00011270489939549583,-0.03601491284430448,0.055915671753705896,0.0031265623476681836,-0.2587565511505471,-0.3809172398180356,0.31100615143771604,-36.68152810306303,-0.003807266464275972,-0.19349158207293507,,,,,,,,
2,y,231.0,0.060291359140329466,0.00010959280068181842,0.06018176633964765,0.056190548874933514,0.003157377782866292,-0.2602647839770381,-0.38974140045863687,0.3165400700012648,-84.40890680303916,-0.03657490659692026,-0.23418121657062024,,,,,,,,
2,y,232.0,-0.03788204705977659,0.00010498947875177791,-0.03798703653852837,0.05591919327143461,0.0031269561761280576,-0.26406935982192425,-0.37715347674859834,0.31204960883210653,-32.759296730825504,-0.00038932337618915335,-0.19881881358885456,,,,,,,,
2,y,233.0,0.0007121119006172775,9.896281667326197e-05,0.0006131490839440155,0.05589854381775462,0.003124647200945434,-0.2674426004174752,-0.3739089932050356,0.3109299826801087,-36.24249573418244,-0.009538837082053674,-0.19453570828043074,,,,,,,,
2,y,234.0,0.015491919466844962,9.06437155393391e-05,0.015401275751305623,0.05568535508402437,0.0031008587708338787,-0.25982868817564114,-0.3780980611508309,0.3113745250888002,-63.68685666242178,-0.038583144063759026,-0.15624777217728478,,,,,,,,
2,y,235.0,0.07310696940753358,8.140863688832262e-05,0.07302556077064526,0.055843877071507765,0.003118538606377671,-0.25320443367130746,-0.37405054143233496,0.3037706374898818,-74.55649886608236,-0.03497851942388408,-0.1716428840804131,,,,,,,,
2,y,236.0,0.016866208668952366,7.032097486457016e-05,0.016795887694087797,0.055860930136364007,0.0031204435156997404,-0.24738109772966654,-0.37342209774314894,0.30368581909001513,-115.47979122534001,-0.04940956528950812,-0.17427730015645718,,,,,,,,
2,y,237.0,0.03137138892937053,5.703675157355635e-05,0.031314352177796975,0.05592978563107187,0.003128140920737654,-0.24603788133226798,-0.36683531296355515,0.3050526099332783,-1731.6648215444438,-0.07220568590128948,-0.1855755093569404,,,,,,,,
2,y,238.0,-0.03444522643597673,4.392406410009858e-05,-0.03448915050007683,0.056019118553973485,0.0031381416435641366,-0.25279851523634866,-0.3677449514624369,0.29301001492242695,-236.88179974259884,-0.06323662750136176,-0.20354034618187036,,,,,,,,
2,y,239.0,0.01991380211019074,2.8770241598273814e-05,0.019885031868592466,0.05576197385021418,0.0031093977276719707,-0.2546983747803299,-0.3688171705488285,0.31126462181143283,107.22506157746986,-0.09477906484978864,-0.15670169601116782,2.792269987648952e-19,1.0,1.1051776115982276e-17,0.0013744480485957087,"{'sigma': 0.08925106410775291, 'lam': -3.1415921284273103}","{'sigma': 0.016896621095320086, 'mu': -0.21785551885345145, 'w0': 1.9370286284098592, 'delta': 0.9939349696924811, 'psi': 0.1}",{'sigma': 0.026456518069579056},0.0004581493495319032
2,y,240.0,0.046367491552046676,1.2142875259666915e-05,0.046355348676787006,0.055944683375751744,0.0031298075980131135,-0.2508032323925215,-0.37641118273545887,0.31432426265484664,60.8198037675157,-0.11042919575074321,-0.18722843265745034,,,,,,,,
2,y,241.0,-0.040941933867690496,-5.0892725908948755e-06,-0.0409368445950996,0.0560958513576329,0.003146744539537645,-0.2552409887719589,-0.3778112859102242,0.3182629561777903,94.45426423840625,-0.09629207237976685,-0.21748898490305102,,,,,,,,
2,y,242.0,-0.02639985953836027,-2.31939533710695e-05,-0.0263766655849892,0.055689557229940186,0.0031013267844667834,-0.2524496977291593,-0.38725668141509634,0.32247478592770823,-138.97572921251768,-0.06718056991216562,-0.16860150756700454,,,,,,,,
2,y,243.0,-0.002863730785925168,-4.2690399838964034e-05,-0.0028210403860862037,0.05569017387779485,0.0031013954665390243,-0.2519614237494891,-0.3860148234135466,0.3256436143025787,-132.4164544703022,-0.06623947021681974,-0.16881629416794078,,,,,,,,
2,y,244.0,0.05340358533909137,-6.228432136534852e-05,0.053465869660456716,0.055922995761931,0.0031273814549889526,-0.25066542904916617,-0.3895565688469028,0.3151818848465518,-1054.142261447047,-0.07692866868405171,-0.20649338210494178,,,,,,,,
2,y,245.0,0.06397440730091823,-8.243584362042629e-05,0.06405684314453866,0.05626084348955217,0.0031652825101558843,-0.2462386811879324,-0.3876204663235912,0.3105685841808983,76.40662541219281,-0.10346357279888148,-0.25286118311748335,,,,,,,,
2,y,246.0,-0.050083700705723405,-0.00010337825552093264,-0.04998032245020247,0.05558723250549984,0.003089940417620498,-0.23589938458801116,-0.3859491922734021,0.288727965026727,45.355723418029086,-0.08187186518085957,-0.2160219718848879,,,,,,,,
2,y,247.0,0.04020317895249374,-0.00012400928534577957,0.040327188237839526,0.05522133652686115,0.003049396007812849,-0.2549914728140589,-0.3603231823350864,0.28368961438711626,63.51693921611899,-0.08524729912252117,-0.1738345286863189,,,,,,,,
2,y,248.0,0.08138840729995411,-0.00014488487680182815,0.08153329217675594,0.05562881396324549,0.003094564942957376,-0.2319328946919773,-0.3798088259897146,0.2939268826762903,45.270789281698384,-0.07747547971983418,-0.2144587284002998,,,,,,,,
2,y,249.0,-0.09008266191904503,-0.00016595334672972234,-0.0899167085723153,0.05564785786432429,0.0030966840848880386,-0.2383924199181,-0.3849474574719172,0.3318822722726393,45.74556018693098,-0.07847510455392472,-0.2145751021956289,,,,,,,,
2,y,250.0,-0.0602058495092459,-0.00018672998912869394,-0.06001911952011721,0.05570547521135347,0.0031030999685227154,-0.22050078242012386,-0.4124750243416631,0.3383701998725463,1149.216300894706,-0.03801411312362608,-0.2267057455557246,,,,,,,,
2,y,251.0,-0.03799831096412436,-0.00020717946448639828,-0.03779113149963796,0.055794844566923,0.0031130646802470965,-0.21795550358586924,-0.393286091626849,0.32618799584071817,-102.33358290183544,-0.009150809211925659,-0.24399284505299382,,,,,,,,
2,y,252.0,0.03197099415179185,-0.00022729812133578324,0.032198292273127635,0.055440411829669085,0.003073639263843312,-0.20865120030838963,-0.3938115352010959,0.3107063295920623,-59.97700844205604,-0.007296342778428294,-0.19733602490511631,,,,,,,,
2,y,253.0,-0.0344136985091535,-0.00024678571345966045,-0.03416691279569384,0.05511993664877714,0.0030382074161652054,-0.2199023905340056,-0.3876442543909002,0.3131304067849097,-94.9930366817637,-0.009466781538525433,-0.15283742259008445,,,,,,,,
2,y,254.0,-0.027272907714183094,-0.00026566691316462477,-0.02700724080101847,0.05511492165140534,0.003037654588640549,-0.2150887245675215,-0.3920613975835067,0.3140809365025135,-96.78405593423626,-0.009886255509427254,-0.15185524944800258,,,,,,,,
2,y,255.0,0.013723219493202843,-0.0002832874214525032,0.014006506914655346,0.055112448581548394,0.0030373819886538155,-0.21524721730886465,-0.3921497165056915,0.3143054142033032,-95.41771762718676,-0.009410600147705981,-0.15134741896183143,,,,,,,,
2,y,256.0,-0.06899952869397588,-0.0003006738059595218,-0.06869885488801636,0.05550302359940172,0.0030805856286757445,-0.21840176215403914,-0.38175478489686077,0.3181175581465099,-52.27514888111318,-0.0013768863768776347,-0.20901034099991633,,,,,,,,
2,y,257.0,-0.08762068743551431,-0.0003169382747163994,-0.0873037491607979,0.05614055694567913,0.0031517621341710413,-0.19384037776109048,-0.3828757657302165,0.3220728334713204,-32.62102315486362,-0.0027184407468343386,-0.27801746146576106,,,,,,,,
2,y,258.0,0.12451231125759062,-0.0003316837863472123,0.12484399504393782,0.05750853927598863,0.003307232089657927,-0.2198068997064194,-0.3983473989872469,0.3201261874978282,-87.31384315324705,0.049317637113154233,-0.2942755344714391,,,,,,,,
2,y,259.0,-0.054219140095735044,-0.0003456601726003727,-0.05387347992313467,0.05772283034475162,0.0033319251430089783,-0.23395349157125508,-0.37793180144169886,0.3343440577431704,-58.47578053853221,0.05850730585231525,-0.3265820656161993,3.9714132627944306e-20,1.0,1.217664322573042e-18,0.0012096486764787164,"{'sigma': 0.09018759261111403, 'lam': -3.1415919096350557}","{'sigma': 0.020112460685678624, 'mu': -0.28250026982692356, 'w0': 1.9407760804532803, 'delta': 0.7178361500724486, 'psi': 0.1}",{'sigma': 0.026441083120310026},0.0004032162254929057
2,y,260.0,-0.11707242304562898,-0.00035799625237517563,-0.1167144267932538,0.05887852527598557,0.0034666807386748715,-0.20993099374808538,-0.40788691376764513,0.3585422991011263,-27.033518242845883,0.038041445537842965,-0.37429293225025767,,,,,,,,
2,y,261.0,0.18993201726468537,-0.000368948015589593,0.19030096528027496,0.06192973905699084,0.003835292579666977,-0.25767455647306214,-0.41940174217401216,0.40309722796382086,-276.1831800980903,0.24360809958979251,0.082414959701608,,,,,,,,
2,y,262.0,-0.04494222428239044,-0.00037801705009638,-0.04456420723229406,0.061753192907997516,0.0038134568343323547,-0.25666494756142183,-0.4088093061065346,0.40531719806734795,-47.32546807663638,0.2842413555680891,0.12856958396573198,,,,,,,,
2,y,263.0,-0.0846053256289596,-0.0003863080921307524,-0.08421901753682885,0.06181571712146828,0.003821182883241387,-0.23599944605956724,-0.42562313276402086,0.41975536352975484,-45.84140481605695,0.2816628586510596,0.12382913522030015,,,,,,,,
2,y,264.0,0.12698216215284092,-0.00039225703270828315,0.1273744191855492,0.06293500418893255,0.0039608147522609575,-0.2610947205935712,-0.4292483996160057,0.4699746505781259,-110.56441263019832,0.31110417468014967,0.06490994780368754,,,,,,,,
2,y,265.0,-0.07008615278273606,-0.0003969596140744544,-0.0696891931686616,0.06326635597779946,0.004002631798709641,-0.27544715891085475,-0.40599542338287314,0.4740131911389431,-41.9902095512338,0.33751702800863836,0.03419696136497151,,,,,,,,
2,y,266.0,-0.042864667920796636,-0.0003992366345099992,-0.04246543128628664,0.06336432698571766,0.004015037934352947,-0.27251305854349495,-0.4102424478810858,0.4807593752721617,-37.34219372336805,0.3429174077065881,0.021026563322451577,,,,,,,,
2,y,267.0,0.08590164186747994,-0.0004005141662485962,0.08630215603372854,0.06348337511270497,0.004030138915700409,-0.279545672958704,-0.4159804525046199,0.48648513382134273,-1334.7849165641758,0.3070376785808224,-0.02383058699867265,,,,,,,,
2,y,268.0,-0.03720265082954706,-0.0003998076894203169,-0.036802843140126745,0.06358998968032058,0.0040436867875432774,-0.2852907086468815,-0.4123790150415783,0.48946741852329434,-137.95112430447278,0.32358392772400557,-0.034517201741394735,,,,,,,,
2,y,269.0,0.06441429287075205,-0.000396447117092041,0.06481073998784409,0.06382612507976283,0.004073774242697529,-0.28509618613597665,-0.39627725953983306,0.47747490121060326,-408.5805150970705,0.3147814223856076,-0.07532813573333558,,,,,,,,
2,y,270.0,-0.15954577624588304,-0.0003924016386195083,-0.15915337460726353,0.06535148829337876,0.004270817022159622,-0.29643874016808286,-0.3665334024973818,0.41498353166459667,-66.62238233132173,0.19904569093330887,0.02191110247764746,,,,,,,,
2,y,271.0,0.04481390945945548,-0.0003861419104822892,0.045200051369937766,0.06543066715515351,0.0042811722043684846,-0.3071816240156383,-0.35344804868619684,0.4079753079531074,-77.51224131709749,0.1944496721436186,0.007120243664703054,,,,,,,,
2,y,272.0,-0.02134996894520198,-0.00037716635892545193,-0.020972802586276526,0.06538408612846905,0.004275078718855059,-0.30498352362428904,-0.3369779449534787,0.3999027543470888,-48.122851225582146,0.21777194570971775,0.02230516246480875,,,,,,,,
2,y,273.0,-0.04407775494531397,-0.00036746073631442047,-0.04371029420899955,0.064881163602755,0.004209565390447461,-0.3000043862746862,-0.3270900542545205,0.40327848394481475,-74.65767129826577,0.22561174803317552,0.0730950828171557,,,,,,,,
2,y,274.0,-0.05754659959926402,-0.00035563146460022767,-0.05719096813466379,0.06508112193151101,0.004235552431864203,-0.3005844435455016,-0.3222224796688263,0.3988933832987263,-38.99008406667984,0.25416569801127875,0.05248755316641359,,,,,,,,
2,y,275.0,0.06156516606338722,-0.00034160774737932646,0.06190677381076654,0.06477848721144683,0.00419625240540358,-0.3057207869461472,-0.3199483870866472,0.39572214723704624,-33.77923547354925,0.25287537687536893,0.08762424227503435,,,,,,,,
2,y,276.0,-0.029600434712458976,-0.0003265488545698169,-0.02927388585788916,0.06481283904179476,0.0042007041046575955,-0.3113800056912438,-0.31446946989028607,0.39792926169089415,-32.29474928382626,0.2564481799844494,0.08275608652364272,,,,,,,,
2,y,277.0,-0.0020096053219155435,-0.0003100451831257677,-0.0016995601387897758,0.06462365931874152,0.004176217343744767,-0.31104749529501485,-0.31296917899889937,0.392015246931969,-42.80003747236272,0.24000903110068286,0.10862483263375637,,,,,,,,
2,y,278.0,0.04447437702499391,-0.000291340474769458,0.04476571749976337,0.06478239330216523,0.004196758481956423,-0.31051513295167493,-0.3153583030016254,0.39595040676882637,-57.76043204485186,0.22391961829906615,0.074371008418356,,,,,,,,
2,y,279.0,0.032677920370655304,-0.00027126972877698535,0.03294919009943229,0.06486588768106868,0.004207583384653018,-0.30594676467713416,-0.3152841936510644,0.3927742162958316,-75.988630842094,0.2122175301783129,0.0552317111252972,7.765734112711562e-25,1.0,3.158759031453944e-23,0.002068722114301885,"{'sigma': 0.10878013747420283, 'lam': -3.1415918015031474}","{'sigma': 0.02637666975600861, 'mu': -0.29056656652711543, 'w0': 2.036182707436112, 'delta': 0.7783238853635753, 'psi': 0.1}",{'sigma': 0.03247905210767327},0.0006365298813236565
2,y,280.0,-0.00044786192810923435,-0.0002496128930995598,-0.00019824903500967453,0.06454402837253037,0.004165931598554006,-0.30533503640540155,-0.3157247477861687,0.3950087036105465,-317.5612440462273,0.1949451551785873,0.09948523941635452,,,,,,,,
2,y,281.0,-0.03961243762174917,-0.00022599843276147763,-0.039386439188987696,0.06465370466682242,0.004180101527144695,-0.30486197158225636,-0.3179711268011021,0.3886354089009096,-91.76451642058413,0.21567764329188643,0.08604635897645395,,,,,,,,
2,y,282.0,0.0595060363662562,-0.00020189922724143103,0.05970793559349763,0.06493220002281436,0.004216190599802772,-0.30864408670664967,-0.31719535585314246,0.39213705391081005,-537.6597139717397,0.19396512739172986,0.03207551468600698,,,,,,,,
2,y,283.0,0.009397232321070925,-0.0001764772576837048,0.00957370957875463,0.06493877359292655,0.004217044315753374,-0.30645769602040046,-0.3187114499170406,0.39248523713676664,-1806.2408388972112,0.19034724248146487,0.029876501255470533,,,,,,,,
2,y,284.0,-0.04304730939725604,-0.00014952105988611344,-0.04289778833736992,0.0650003276421386,0.0042250425935853675,-0.31184986881091287,-0.3214861886622412,0.40617615961288084,-83.64376003165485,0.22090111641399318,0.029296992468682403,,,,,,,,
2,y,285.0,0.06259988434717209,-0.00012136718418920647,0.0627212515313613,0.06511890343569932,0.004240471584667933,-0.3143596190959945,-0.3118006048669521,0.41256854265064175,-102.92502171893196,0.21818406888476882,0.01059787388306217,,,,,,,,
2,y,286.0,-0.010039738906761426,-9.21679418840318e-05,-0.009947570964877394,0.06507937799837572,0.004235325440655469,-0.32274304429243256,-0.3101157309995367,0.4148760098429427,-137.09714509453482,0.2120932646460705,0.01588053351043077,,,,,,,,
2,y,287.0,-0.14488241878941147,-6.251911863144736e-05,-0.14481989967078002,0.06609013028947529,0.004367905321679818,-0.313732811318573,-0.319034616626467,0.4188857779834256,-64.10355452475424,0.14511200096897867,0.046884266743099964,,,,,,,,
2,y,288.0,0.09715688300594275,-3.1124792503390815e-05,0.09718800779844614,0.06681191537751709,0.004463832036412505,-0.3356547030792006,-0.3180016879249106,0.4290034521424547,-897.4956618934326,0.12954648660453272,-0.045945062367399585,,,,,,,,
2,y,289.0,0.07155226854525973,8.322504238485228e-07,0.07155143629483587,0.06711759438867218,0.004504771476522319,-0.3136056300509519,-0.3289331276748019,0.428523382157942,204.40755393319452,0.12111896139473026,-0.09108213475834162,,,,,,,,
2,y,290.0,-0.15493431373108246,3.308932192023009e-05,-0.1549674030530027,0.06887541152873468,0.0047438223132525575,-0.3320962909728571,-0.35225082664730617,0.46208740850144614,-66.59737986054368,0.05457678457886989,-0.10500230009468138,,,,,,,,
2,y,291.0,0.1313316715568881,6.593149273754952e-05,0.13126574006415057,0.06981673861800343,0.004874376991254611,-0.3671408576246795,-0.3176246584375727,0.49655206395256835,74.35597882412812,0.04410140195537234,-0.14341001192029876,,,,,,,,
2,y,292.0,-0.003930414779301228,9.915472751252695e-05,-0.004029569506813754,0.06972969782963839,0.004862230759412678,-0.3593617182100921,-0.30413006783661534,0.49120893274308675,55.95984482241335,0.03249797404128141,-0.1300239422161077,,,,,,,,
2,y,293.0,-0.06543363824279644,0.00013290381854172385,-0.06556654206133816,0.0697387242232385,0.004863489656284913,-0.37441892761724915,-0.31042720123923145,0.49477010625477047,-1124.118220750842,0.07293620325242275,-0.12691851378931496,,,,,,,,
2,y,294.0,0.03419376037795872,0.00016697388820240675,0.03402678648975631,0.06920574776785866,0.004789435524108475,-0.3714374521587048,-0.32286364234225184,0.4870964176625387,-109.4208343538548,0.07736801862597116,-0.06499034673620555,,,,,,,,
2,y,295.0,0.1467795791461383,0.00020092320830562534,0.14657865593783267,0.07055090194726962,0.004977429765573252,-0.34937322212866545,-0.32886757043056586,0.47085354388920375,51.93200713464306,0.08423241629809354,-0.10484153535492922,,,,,,,,
2,y,296.0,-0.2016467785023793,0.00023520646425478648,-0.2018819849666341,0.07327581818103285,0.005369345530099785,-0.39582201959737584,-0.3249921141093315,0.4785211501836628,-66.05556648423584,-0.044069925723552665,0.09731019683377011,,,,,,,,
2,y,297.0,0.04946945154523606,0.00026919514355235605,0.049200256401683705,0.073028638835974,0.005333182090235131,-0.3921451215714963,-0.30333747072496176,0.4787888991787021,-52.983318769134776,-0.04206445578505421,0.128369282942427,,,,,,,,
2,y,298.0,0.11636992006229559,0.00030380930113792573,0.11606611076115766,0.07358557861390998,0.005414837379943925,-0.37836518547092224,-0.3294021017039773,0.5002335210843417,138.06730646694908,-0.06849701737217627,0.09399725844431213,,,,,,,,
2,y,299.0,-0.13573896423685505,0.0003375746922771633,-0.1360765389291322,0.0748420624416982,0.005601334310527052,-0.39613364154780506,-0.33559079187183466,0.5231842493688724,-101.43158176133903,-0.07559435844273336,-0.002300512933459004,1.5886230425291217e-17,0.9999999999999996,5.239840849660034e-16,0.004900089328522236,"{'sigma': 0.11052776117150512, 'lam': -3.14159262643112}","{'sigma': 0.025940612607365354, 'mu': -0.2727652648545398, 'w0': 2.0097627613586186, 'delta': 0.8289655387014926, 'psi': 0.1}",{'sigma': 0.03316690845011488},0.000816681554753706
2,y,300.0,0.0865609880732836,0.00037112528139881737,0.08618986279188479,0.07527769203262698,0.005666730917759032,-0.4091267167430462,-0.3103755623999468,0.5264312259216971,-416.0957911903405,-0.0815460584866632,-0.05248707809046958,,,,,,,,
2,y,301.0,-0.0437281173368792,0.00040434705747386757,-0.04413246439435307,0.07539630910768251,0.005684603427061208,-0.4122774389496155,-0.2942446734906896,0.5102505422628097,-103.08234906647218,-0.060518988429323926,-0.07255374472430237,,,,,,,,
2,y,302.0,-0.15486758916322077,0.00043767428044019395,-0.15530526344366097,0.076959204818605,0.005922719206311995,-0.39128624257542927,-0.31014791201785985,0.5287519563159332,-35.88682465062792,-0.08397595025004981,-0.14399524690739754,,,,,,,,
2,y,303.0,0.20537998226701326,0.00046984905917896733,0.2049101332078343,0.07968810417392429,0.00635019394683421,-0.42220370958157677,-0.31425844705969597,0.5377717015856674,-452.82563497676244,0.02957960195076676,-0.04644585507051362,,,,,,,,
2,y,304.0,0.018890380557237487,0.0005012628056883364,0.01838911775154915,0.07968239135093672,0.006349283491403835,-0.40543056426721824,-0.31138491220079434,0.5352717759615492,358.7368153669849,0.014958118196424248,-0.04604259479749941,,,,,,,,
2,y,305.0,-0.20651395321452054,0.0005328501335407586,-0.2070468033480613,0.08207555885794558,0.006736397361844089,-0.3942838547373469,-0.3660939031765149,0.5713161448058804,-69.9741410189328,-0.09455509943922939,0.037726495241214617,,,,,,,,
2,y,306.0,0.07748106512353015,0.0005636859928923022,0.07691737913063784,0.08224459768970867,0.006764173849142033,-0.4004183344944229,-0.3716444306165266,0.5736460486315982,-85.61502987375167,-0.09629305270004883,0.019099973664384547,,,,,,,,
2,y,307.0,0.14924167739594432,0.0005930980080553195,0.148648579387889,0.08330893329205986,0.0069403783662608815,-0.3703555183379219,-0.3983936164089008,0.5637657298258675,68.78771994142528,-0.10722688434174563,-0.02262856775046831,,,,,,,,
2,y,308.0,-0.16903294410440037,0.0006226290010511166,-0.16965557310545148,0.08468063893057047,0.0071708106096896465,-0.39765277349973227,-0.3990403756538695,0.591341574033508,-67.73899522118509,-0.10502187486391024,-0.06382353203069091,,,,,,,,
2,y,309.0,0.14246465706500705,0.0006504867020543019,0.14181417036295274,0.08584314686353843,0.007369045863435028,-0.41842534532713155,-0.3561994952447091,0.597621407580649,-1167.3701017776862,-0.0950829682945979,-0.13783336488220344,,,,,,,,
2,y,310.0,-0.0005882020379992074,0.0006769946137400473,-0.0012651966517392547,0.08465112953902852,0.007165813732233388,-0.4235773541864586,-0.3340207000798645,0.5760311898566839,63.41737474646939,-0.10196825630614194,-0.045529929450502875,,,,,,,,
2,y,311.0,-0.09261763298937738,0.0007037752297510485,-0.09332140821912843,0.08515125264707137,0.007250735827365377,-0.4208295441265505,-0.3544069895754845,0.5834010091800658,136.8571206590205,-0.08821939960239607,-0.10371147124558835,,,,,,,,
2,y,312.0,0.14506167848375756,0.0007292452008600991,0.14433243328289747,0.08565491340916033,0.0073367641911307535,-0.41948449974852614,-0.3509554910683042,0.5922462026876886,88.5528627958527,-0.07190685030635023,-0.11662284577511842,,,,,,,,
2,y,313.0,0.15029996286332953,0.0007532741799275724,0.14954668868340196,0.08590620390892398,0.007379875870041626,-0.38550609295952004,-0.35687408473613225,0.585662767525453,22.807333383966515,-0.081327092941144,-0.10814328725493662,,,,,,,,
2,y,314.0,-0.30672182739912984,0.0007764682514677041,-0.30749829565059755,0.09136573106379826,0.008347696812822311,-0.4154132660877082,-0.38898309064762826,0.5859570791384918,113.9932748676774,-0.375468719239719,0.6280250911664346,,,,,,,,
2,y,315.0,0.08248587725720335,0.0007990887940196702,0.08168678846318368,0.09150470361990581,0.008373110784566803,-0.41867804667219854,-0.36775361280537955,0.5884115238017905,92.90860417737379,-0.37591424031683185,0.6125084362177936,,,,,,,,
2,y,316.0,0.29848529670174184,0.0008201731515528727,0.297665123550189,0.09615659316874506,0.00924609040981955,-0.3693293259037315,-0.43339461342238167,0.6045115574445461,22.89614929835174,-0.12313214267540115,0.9284748768420317,,,,,,,,
2,y,317.0,-0.2571048810727904,0.0008400914672300397,-0.2579449725400204,0.0996650370301062,0.009933119606212439,-0.42080044701006947,-0.43984137837234233,0.6397600130696327,63.25855713123046,-0.21721048702572596,0.8765829498314213,,,,,,,,
2,y,318.0,-0.10161382775118354,0.0008592184063210589,-0.10247304615750459,0.10004066207109755,0.010008134067623535,-0.3768765997979737,-0.44606778675138564,0.6261049630047946,-6183.282647574896,-0.17919383199215513,0.8152169157707492,,,,,,,,
2,y,319.0,0.2548511401095915,0.00087686020867334,0.25397427990091814,0.10321205096580573,0.01065272746456808,-0.39003032700284734,-0.48190660550270237,0.6590045670965399,39.78838870507796,-0.08668543430582999,0.7553961572231261,3.319844955533527e-39,1.0,5.09314302690029e-38,0.011518836259579453,"{'sigma': 0.13903857973621503, 'lam': -3.141592398118184}","{'sigma': 0.0224828638137613, 'mu': -0.13988989656395412, 'w0': 2.0981569646714417, 'delta': 1.4925754532990256, 'psi': 0.1}",{'sigma': 0.042087790635937254},0.0017721286553199133
2,y,320.0,-0.10778639436988185,0.0008928554635819332,-0.10867924983346379,0.10359591920607607,0.01073211447615184,-0.4037977894517364,-0.4618376598008258,0.6585275335540783,47.94601605567359,-0.08263023100188996,0.7094680094554423,,,,,,,,
2,y,321.0,-0.1000041351875816,0.0009088225989883423,-0.10091295778656995,0.10410459449681016,0.010837766595345275,-0.39060612737239675,-0.47286463157718284,0.6623218920525074,85.42099541247198,-0.0634561410478602,0.6430377946551544,,,,,,,,
2,y,322.0,0.13859416304394562,0.0009233749778079395,0.13767078806613767,0.10428512243102198,0.010875386760453243,-0.39135679409964536,-0.4793803289588374,0.6666164157883913,76.04101427563542,-0.06078126595036472,0.6289150162024076,,,,,,,,
2,y,323.0,-0.07308545159832289,0.0009359476734003853,-0.07402139927172327,0.10406087381900501,0.010828665459974884,-0.40252588905415854,-0.4648256629273853,0.66754344270318,63.40099591020625,-0.06321932569797599,0.6549742480874216,,,,,,,,
2,y,324.0,-0.06577284986243473,0.0009478150249288355,-0.06672066488736357,0.10421291040847633,0.010860330695805115,-0.3943045700535155,-0.471695646947056,0.6813353278471015,76.8046748775411,-0.056694491014315784,0.6342034735263851,,,,,,,,
2,y,325.0,0.11688969445741094,0.0009588915691161768,0.11593080288829477,0.10457340301422696,0.010935596617975931,-0.3958343144575816,-0.49116803493628086,0.6847015036455473,59.47020277842264,-0.05788431391932023,0.5965046522094505,,,,,,,,
2,y,326.0,-0.061756797698459015,0.0009684170068242504,-0.06272521470528326,0.1046032693383407,0.010941843956269447,-0.3960412146690535,-0.48350835642420886,0.6850572475806265,60.91926426350563,-0.056889386752091875,0.5926035185092291,,,,,,,,
2,y,327.0,-0.10839512651015035,0.0009770669628926532,-0.109372193473043,0.10422607323144023,0.010863074341245543,-0.39871194591563575,-0.4873347972088117,0.6982952901515429,-133.60976925282995,-0.021107199032233633,0.6197088916884594,,,,,,,,
2,y,328.0,0.10293046106728986,0.0009837334873286831,0.10194672757996118,0.10456224791460242,0.010933263688954777,-0.40306356305377705,-0.4891917349811839,0.7005699003158885,-304.21867418056434,-0.025573059130808286,0.5813928625485564,,,,,,,,
2,y,329.0,0.030494139263693234,0.0009892962579377443,0.02950484300575549,0.10444770293781785,0.010909322648986645,-0.40091119289593025,-0.48764258133779775,0.6967549821718679,197.11572602174778,-0.04912861655311965,0.5979484794922046,,,,,,,,
2,y,330.0,-0.14746966031764214,0.0009942900083109059,-0.14846395032595305,0.10544426363160803,0.011118492732812055,-0.3995756291421703,-0.4961589802069822,0.7012804494124943,-180.00216710999032,-0.04367951035294141,0.500192259746403,,,,,,,,
2,y,331.0,0.12326468773100666,0.000997654769435449,0.12226703296157121,0.10598788080013058,0.011233430876502687,-0.4082144640364284,-0.490192945229402,0.7049968364503026,2412.1665225237834,-0.04679246281100304,0.4462506513653168,,,,,,,,
2,y,332.0,0.03136597857378568,0.0009998234777485846,0.030366155096037097,0.10596150810952248,0.011227841200844399,-0.40221489985611303,-0.4889506205942255,0.7099835321455888,143.88750067804355,-0.06585881053998077,0.4511778024078817,,,,,,,,
2,y,333.0,-0.050860775837299255,0.0010014142691427935,-0.051862190106442045,0.10609119606309639,0.01125534188209836,-0.4030083093188415,-0.491991062081449,0.7089655563709344,480.72443010869864,-0.05172075526287739,0.4332984443211675,,,,,,,,
2,y,334.0,0.03681794671320023,,,,,,,,,,,,,,,,,,
2,y,335.0,0.011686272854724788,,,,,,,,,,,,,,,,,,
2,y,336.0,-0.09395622322915965,,,,,,,,,,,,,,,,,,
2,y,337.0,0.13999657097290658,,,,,,,,,,,,,,,,,,
2,y,338.0,-0.011267844608170714,,,,,,,,,,,,,,,,,,
2,y,339.0,-0.015613004725968566,,,,,,,,,,,,,,,,,,
2,y,340.0,-0.02534271552082236,,,,,,,,,,,,,,,,,,
2,y,341.0,0.02754495738032156,,,,,,,,,,,,,,,,,,
2,y,342.0,0.02817275470438722,,,,,,,,,,,,,,,,,,
2,y,343.0,-0.13661309838364288,,,,,,,,,,,,,,,,,,
2,y,344.0,0.07176921044442036,,,,,,,,,,,,,,,,,,
2,y,345.0,0.0791364957722029,,,,,,,,,,,,,,,,,,
2,y,346.0,-0.1245315184991531,,,,,,,,,,,,,,,,,,
2,y,347.0,-0.02231659113999669,,,,,,,,,,,,,,,,,,
2,y,348.0,0.1619112802418834,,,,,,,,,,,,,,,,,,
2,y,349.0,-0.22758122193638766,,,,,,,,,,,,,,,,,,
2,y,350.0,0.0798975752515593,,,,,,,,,,,,,,,,,,
2,y,351.0,0.275556307154292,,,,,,,,,,,,,,,,,,
2,y,352.0,-0.3328129251857611,,,,,,,,,,,,,,,,,,
2,y,353.0,-0.04683255533861963,,,,,,,,,,,,,,,,,,
2,y,354.0,0.29688912343448065,,,,,,,,,,,,,,,,,,
2,y,355.0,-0.2600681861726207,,,,,,,,,,,,,,,,,,
2,y,356.0,-0.0652037069709739,,,,,,,,,,,,,,,,,,
2,y,357.0,0.19929101337996713,,,,,,,,,,,,,,,,,,
2,y,358.0,-0.10939996932469866,,,,,,,,,,,,,,,,,,
2,y,359.0,-0.14769792877749063,,,,,,,,,,,,,,,,,,
2,y,360.0,0.23376919165984306,,,,,,,,,,,,,,,,,,
2,y,361.0,-0.04036612019064835,,,,,,,,,,,,,,,,,,
2,y,362.0,-0.10113862413715329,,,,,,,,,,,,,,,,,,
2,y,363.0,0.15700255363660565,,,,,,,,,,,,,,,,,,
2,y,364.0,-0.08750907585763927,,,,,,,,,,,,,,,,,,
2,y,365.0,-0.12472252702608799,,,,,,,,,,,,,,,,,,
2,y,366.0,0.25017950432172575,,,,,,,,,,,,,,,,,,
2,y,367.0,-0.08946379815378322,,,,,,,,,,,,,,,,,,
2,y,368.0,-0.25262364442578006,,,,,,,,,,,,,,,,,,
2,y,369.0,0.4346093946160391,,,,,,,,,,,,,,,,,,
2,y,370.0,-0.05303663547905068,,,,,,,,,,,,,,,,,,
2,y,371.0,-0.2690881957113618,,,,,,,,,,,,,,,,,,
2,y,372.0,0.34921374236229713,,,,,,,,,,,,,,,,,,
2,y,373.0,-0.08787070551525838,,,,,,,,,,,,,,,,,,
2,y,374.0,-0.36996534792651203,,,,,,,,,,,,,,,,,,
2,y,375.0,0.30492717911655604,,,,,,,,,,,,,,,,,,
2,y,376.0,0.023188219594683326,,,,,,,,,,,,,,,,,,
2,y,377.0,-0.32899148499652064,,,,,,,,,,,,,,,,,,
2,y,378.0,0.28963018922675465,,,,,,,,,,,,,,,,,,
2,y,379.0,0.21947472735970497,,,,,,,,,,,,,,,,,,
2,y,380.0,-0.4841494108278413,,,,,,,,,,,,,,,,,,
2,y,381.0,0.15727785193763089,,,,,,,,,,,,,,,,,,
2,y,382.0,0.29559010290370025,,,,,,,,,,,,,,,,,,
2,y,383.0,-0.35715536982497137,,,,,,,,,,,,,,,,,,
2,y,384.0,0.046839231591877264,,,,,,,,,,,,,,,,,,
2,y,385.0,0.31641190140271475,,,,,,,,,,,,,,,,,,
2,y,386.0,-0.2630554531877827,,,,,,,,,,,,,,,,,,
2,y,387.0,-0.06631708620868114,,,,,,,,,,,,,,,,,,
2,y,388.0,0.4154285350065657,,,,,,,,,,,,,,,,,,
2,y,389.0,-0.15201902842023166,,,,,,,,,,,,,,,,,,
2,y,390.0,-0.3121502107550662,,,,,,,,,,,,,,,,,,
2,y,391.0,0.4372832999522879,,,,,,,,,,,,,,,,,,
2,y,392.0,-0.11855896322159529,,,,,,,,,,,,,,,,,,
2,y,393.0,-0.2674427629681274,,,,,,,,,,,,,,,,,,
2,y,394.0,0.3737670388181995,,,,,,,,,,,,,,,,,,
2,y,395.0,-0.18093956557287294,,,,,,,,,,,,,,,,,,
2,y,396.0,-0.2901111366599448,,,,,,,,,,,,,,,,,,
2,y,397.0,0.45527744409336274,,,,,,,,,,,,,,,,,,
2,y,398.0,0.10405126427959523,,,,,,,,,,,,,,,,,,
2,y,399.0,-0.4593861121929076,,,,,,,,,,,,,,,,,,
3,x,0.0,-0.014440827498229366,-0.0002389077425785424,-0.014201919755650824,,,,,,,,,,,,,,,,
3,x,1.0,-0.021730168630464973,-0.00024214323654110599,-0.021488025393923867,,,,,,,,,,,,,,,,
3,x,2.0,0.04608111183749989,-0.00024882112879042053,0.04632993296629031,,,,,,,,,,,,,,,,
3,x,3.0,0.024774592276686335,-0.0002587806756318891,0.025033372952318222,,,,,,,,,,,,,,,,
3,x,4.0,0.0015864490990828567,-0.0002715752805552104,0.001858024379638067,,,,,,,,,,,,,,,,
3,x,5.0,0.02189215016492965,-0.0002877169635062686,0.022179867128435917,,,,,,,,,,,,,,,,
3,x,6.0,0.11087098149831465,-0.00030681769261104694,0.1111777991909257,,,,,,,,,,,,,,,,
3,x,7.0,-0.04657709983071312,-0.00032880502880258276,-0.04624829480191054,,,,,,,,,,,,,,,,
3,x,8.0,-0.061621201577539475,-0.0003539408200040423,-0.061267260757535434,,,,,,,,,,,,,,,,
3,x,9.0,-0.01807240022236125,-0.000382161823330945,-0.017690238399030306,,,,,,,,,,,,,,,,
3,x,10.0,0.01816536763833978,-0.0004130321703919935,0.01857839980873177,,,,,,,,,,,,,,,,
3,x,11.0,-0.013593318034498862,-0.00044698559031646585,-0.013146332444182396,,,,,,,,,,,,,,,,
3,x,12.0,0.030441987599331317,-0.00048367570580589423,0.030925663305137213,,,,,,,,,,,,,,,,
3,x,13.0,-0.017747340997630374,-0.000523536850407396,-0.01722380414722298,,,,,,,,,,,,,,,,
3,x,14.0,0.0035377725464596707,-0.0005651512807648244,0.004102923827224495,,,,,,,,,,,,,,,,
3,x,15.0,-0.0006727438667755992,-0.0006095487193402532,-6.319514743534599e-05,,,,,,,,,,,,,,,,
3,x,16.0,-0.029648666721564382,-0.0006561483373655252,-0.028992518384198855,,,,,,,,,,,,,,,,
3,x,17.0,0.030345423949214134,-0.0007047322370752173,0.03105015618628935,,,,,,,,,,,,,,,,
3,x,18.0,-0.0023194597853344948,-0.0007554949115345146,-0.00156396487379998,,,,,,,,,,,,,,,,
3,x,19.0,-0.010324574743926654,-0.0008086789512145722,-0.009515895792712082,,,,,,,,,,,,,,,,
3,x,20.0,0.047476530674949946,-0.0008638596657871355,0.04834039034073708,,,,,,,,,,,,,,,,
3,x,21.0,-0.015183731864882529,-0.000920403511674268,-0.014263328353208262,,,,,,,,,,,,,,,,
3,x,22.0,-0.020970784597669597,-0.0009792273204715862,-0.01999155727719801,,,,,,,,,,,,,,,,
3,x,23.0,-0.006484698960659102,-0.0010391573095002804,-0.005445541651158822,,,,,,,,,,,,,,,,
3,x,24.0,-0.0038453801279932512,-0.0011003135002680198,-0.002745066627725231,,,,,,,,,,,,,,,,
3,x,25.0,-0.008953063251583187,-0.0011633473846300577,-0.00778971586695313,,,,,,,,,,,,,,,,
3,x,26.0,0.022240013750953004,-0.0012272918388605573,0.02346730558981356,,,,,,,,,,,,,,,,
3,x,27.0,-0.013617557939265659,-0.001291989575753188,-0.01232556836351247,,,,,,,,,,,,,,,,
3,x,28.0,-0.05735344365481819,-0.0013578604527908697,-0.05599558320202732,,,,,,,,,,,,,,,,
3,x,29.0,0.04981932791104437,-0.0014245054846323936,0.051243833395676765,,,,,,,,,,,,,,,,
3,x,30.0,0.0453230520709182,-0.0014917852269526026,0.0468148372978708,,,,,,,,,,,,,,,,
3,x,31.0,-0.04325661851790346,-0.0015593935835526683,-0.04169722493435079,,,,,,,,,,,,,,,,
3,x,32.0,-0.06587552887001567,-0.0016272940127201685,-0.0642482348572955,,,,,,,,,,,,,,,,
3,x,33.0,0.04253683994345994,-0.001695364213460592,0.044232204156920536,,,,,,,,,,,,,,,,
3,x,34.0,0.02409445616888325,-0.0017639899522291207,0.02585844612111237,,,,,,,,,,,,,,,,
3,x,35.0,0.00614039451374941,-0.0018319510107455172,0.007972345524494927,,,,,,,,,,,,,,,,
3,x,36.0,-0.03132485311738739,-0.0019000117272387797,-0.02942484139014861,,,,,,,,,,,,,,,,
3,x,37.0,-0.022533423665031443,-0.0019679193720052554,-0.02056550429302619,,,,,,,,,,,,,,,,
3,x,38.0,0.03353052544398867,-0.0020353016040455607,0.03556582704803423,,,,,,,,,,,,,,,,
3,x,39.0,0.0008856289947253515,-0.0021019347076143145,0.002987563702339666,,,,,,,,,,,,,,,,
3,x,40.0,-0.009654334815827094,-0.0021676479058439667,-0.007486686909983127,,,,,,,,,,,,,,,,
3,x,41.0,-0.006874638695323995,-0.002232986672085183,-0.004641652023238812,,,,,,,,,,,,,,,,
3,x,42.0,-0.015015439272021966,-0.002297474591360673,-0.012717964680661293,,,,,,,,,,,,,,,,
3,x,43.0,-0.04037863200347229,-0.0023606679718877364,-0.038017964031584556,,,,,,,,,,,,,,,,
3,x,44.0,0.07829259289934262,-0.002423036168687009,0.08071562906802963,,,,,,,,,,,,,,,,
3,x,45.0,-0.06416123474572412,-0.0024841204522819656,-0.06167711429344215,,,,,,,,,,,,,,,,
3,x,46.0,0.017678343972143178,-0.00254384660756743,0.020222190579710607,,,,,,,,,,,,,,,,
3,x,47.0,-0.014270887089427465,-0.0026018749477026864,-0.011669012141724779,,,,,,,,,,,,,,,,
3,x,48.0,0.00822155148440789,-0.0026579824894456656,0.010879533973853555,,,,,,,,,,,,,,,,
3,x,49.0,0.04301086417102031,-0.002713700691492486,0.0457245648625128,,,,,,,,,,,,,,,,
3,x,50.0,-0.022110363554855336,-0.0027672454509790867,-0.01934311810387625,,,,,,,,,,,,,,,,
3,x,51.0,-0.03135692440752555,-0.002818828959016329,-0.028538095448509222,,,,,,,,,,,,,,,,
3,x,52.0,-0.027372864736715463,-0.0028692510453803494,-0.024503613691335115,,,,,,,,,,,,,,,,
3,x,53.0,0.0181806207685313,-0.002917041344909909,0.021097662113441207,,,,,,,,,,,,,,,,
3,x,54.0,0.008171871753092919,-0.0029634021421390457,0.011135273895231964,,,,,,,,,,,,,,,,
3,x,55.0,0.0009364364934464839,-0.003007550890747492,0.0039439873841939765,,,,,,,,,,,,,,,,
3,x,56.0,-0.06297572925590615,-0.0030494445778929784,-0.05992628467801317,,,,,,,,,,,,,,,,
3,x,57.0,0.019739523368387912,-0.00309013643599694,0.022829659804384853,,,,,,,,,,,,,,,,
3,x,58.0,-0.02753670877765013,-0.0031278720755324135,-0.024408836702117714,,,,,,,,,,,,,,,,
3,x,59.0,-0.0820416327549485,-0.003163327231307207,-0.07887830552364129,,,,,,,,,,,,,,,,
3,x,60.0,0.07049104486271932,-0.0031971137650292506,0.07368815862774857,,,,,,,,,,,,,,,,
3,x,61.0,-0.03039932031405177,-0.00322864263380648,-0.02717067768024529,,,,,,,,,,,,,,,,
3,x,62.0,0.020333843431447535,-0.003257946170815546,0.02359178960226308,,,,,,,,,,,,,,,,
3,x,63.0,-0.011707461403919373,-0.0032852991606674106,-0.008422162243251962,,,,,,,,,,,,,,,,
3,x,64.0,0.004630199062656399,-0.003310168713395143,0.007940367776051543,,,,,,,,,,,,,,,,
3,x,65.0,0.06591729053672936,-0.003332763156983478,0.06925005369371284,,,,,,,,,,,,,,,,
3,x,66.0,0.00449641624596934,-0.0033530596629824153,0.007849475908951756,,,,,,,,,,,,,,,,
3,x,67.0,-0.0071929008374955325,-0.0033713452085167898,-0.0038215556289787427,,,,,,,,,,,,,,,,
3,x,68.0,-0.03075430248693561,-0.0033874363001022228,-0.02736686618683339,,,,,,,,,,,,,,,,
3,x,69.0,-0.0029841452155827336,-0.003401592317923548,0.00041744710234081425,,,,,,,,,,,,,,,,
3,x,70.0,-0.028019174777581063,-0.003413003327906964,-0.0246061714496741,,,,,,,,,,,,,,,,
3,x,71.0,0.007069946183663654,-0.0034227911698976304,0.010492737353561285,,,,,,,,,,,,,,,,
3,x,72.0,-0.059488491543770367,-0.003430442136882394,-0.05605804940688797,,,,,,,,,,,,,,,,
3,x,73.0,0.03190727287440662,-0.003435748257016152,0.03534302113142277,,,,,,,,,,,,,,,,
3,x,74.0,0.005066388994359664,-0.0034394241043240706,0.008505813098683734,,,,,,,,,,,,,,,,
3,x,75.0,-0.08328706549599363,-0.003440831217891538,-0.07984623427810209,,,,,,,,,,,,,,,,
3,x,76.0,0.007524676525428894,-0.003440707738306566,0.01096538426373546,,,,,,,,,,,,,,,,
3,x,77.0,0.07240452096340841,-0.0034383547349128665,0.07584287569832128,,,,,,,,,,,,,,,,
3,x,78.0,-0.05985446429980673,-0.0034338336912362486,-0.056420630608570485,,,,,,,,,,,,,,,,
3,x,79.0,-0.005141715602080287,-0.003428380926765638,-0.0017133346753146492,,,,,,,,,,,,,,,,
3,x,80.0,0.08953385621598958,-0.0034208510115701653,0.09295470722755975,,,,,,,,,,,,,,,,
3,x,81.0,-0.0797341673795962,-0.003411710487128827,-0.07632245689246737,,,,,,,,,,,,,,,,
3,x,82.0,0.07760153423291581,-0.0034006507023611673,0.08100218493527697,,,,,,,,,,,,,,,,
3,x,83.0,-0.03979402971110992,-0.0033879394507315844,-0.03640609026037834,,,,,,,,,,,,,,,,
3,x,84.0,-0.01741879973292229,-0.0033739572519906023,-0.014044842480931689,,,,,,,,,,,,,,,,
3,x,85.0,0.044857358633214606,-0.00335872731064091,0.04821608594385551,,,,,,,,,,,,,,,,
3,x,86.0,-0.03972735888034913,-0.003342007308089011,-0.03638535157226012,,,,,,,,,,,,,,,,
3,x,87.0,-0.06278851105426055,-0.003324019169968275,-0.05946449188429227,,,,,,,,,,,,,,,,
3,x,88.0,-0.05450297931023628,-0.0033047686943549815,-0.0511982106158813,,,,,,,,,,,,,,,,
3,x,89.0,0.043924911566757346,-0.003284209246327318,0.04720912081308466,,,,,,,,,,,,,,,,
3,x,90.0,0.03359400319298943,-0.003263174564828045,0.03685717775781747,,,,,,,,,,,,,,,,
3,x,91.0,-0.06317912005137834,-0.0032401887433298284,-0.05993893130804851,,,,,,,,,,,,,,,,
3,x,92.0,0.10390752376508369,-0.0032163727971983905,0.10712389656228208,,,,,,,,,,,,,,,,
3,x,93.0,-0.038784575424663736,-0.0031918433967201925,-0.035592732027943545,,,,,,,,,,,,,,,,
3,x,94.0,-0.06487870132802726,-0.003166266982479391,-0.061712434345547865,,,,,,,,,,,,,,,,
3,x,95.0,0.01556218932190509,-0.003140028354614123,0.018702217676519212,,,,,,,,,,,,,,,,
3,x,96.0,0.052492713495569596,-0.0031130328691580875,0.05560574636472768,,,,,,,,,,,,,,,,
3,x,97.0,-0.06233147923798674,-0.0030849327776134097,-0.05924654646037333,,,,,,,,,,,,,,,,
3,x,98.0,-0.01833672219198557,-0.0030560637309851174,-0.015280658461000452,,,,,,,,,,,,,,,,
3,x,99.0,-0.03009171183311897,-0.003026619475731612,-0.027065092357387358,0.041932238801525905,0.0017583126509081947,-0.30284765671583974,-0.22802729455352436,0.1789783270933509,-13.311679275766085,0.40621442107175876,-0.03572063585635302,1.2741897594114406e-20,1.0,1.886059845074015e-17,0.00041318151483976846,"{'sigma': 0.06458779290092967, 'lam': -3.1415926400495535}","{'sigma': 0.022062394201424862, 'mu': -0.5080404560042731, 'w0': 2.278398384400271, 'delta': 0.07909797213107594, 'psi': 0.1}",{'sigma': 0.01954607846962231},0.0001652726059359073
3,x,100.0,-0.017353304236379277,-0.0029964753173409224,-0.014356828919038354,0.04193273804785818,0.0017583545201902931,-0.3021595373428268,-0.2244497220892556,0.18420038891575216,-13.189885940951472,0.406301370879291,-0.03579857851341664,,,,,,,,
3,x,101.0,-0.025479887211633613,-0.002966367661242913,-0.0225135195503907,0.04193794863804449,0.0017587915359672578,-0.2965510828238728,-0.21797749376344663,0.18633520132011633,-13.037748733534452,0.40670706888386676,-0.036770127520571176,,,,,,,,
3,x,102.0,0.025910891800773512,-0.002934802437863797,0.02884569423863731,0.041775137113636764,0.0017451620808631519,-0.3089436641898185,-0.22200713206031097,0.17572047574461777,-12.220820190059705,0.413112713454113,0.003456639693455631,,,,,,,,
3,x,103.0,-0.010242698945913557,-0.00290211523594393,-0.007340583709969628,0.04169604387521889,0.001738560074844179,-0.3102705817241155,-0.2254593678847234,0.16526937222203655,-11.064270419499028,0.436668265930124,0.039108391518421146,,,,,,,,
3,x,104.0,-0.010409023380916649,-0.002870145947879564,-0.007538877433037085,0.0416991930966398,0.0017388227049108527,-0.31097148746002007,-0.2370712319551921,0.1675855715525289,-10.723761940604454,0.44343012354227246,0.04229642415704552,,,,,,,,
3,x,105.0,0.05015966029484057,-0.0028375785183129064,0.05299723881315348,0.041988864259547364,0.0017630647218066942,-0.33885303396133165,-0.232246446927033,0.18655920381296295,-11.644778650879042,0.4325382956657157,-0.02752218367132537,,,,,,,,
3,x,106.0,0.008380160712965492,-0.002803627661038209,0.0111837883740037,0.04044810259286398,0.00163604900336285,-0.31525824536513297,-0.20147195376787222,0.20557405038499862,-8.734735533995604,0.3388408056688481,-0.14133344318032187,,,,,,,,
3,x,107.0,-0.07166087694611079,-0.002769694422561173,-0.06889118252354962,0.04075938010426174,0.0016613270664836881,-0.33796733928447203,-0.22583000623395846,0.21168739422614424,-8.349668984336587,0.3159965940914257,-0.16106332804354917,,,,,,,,
3,x,108.0,0.0890743814930262,-0.0027355093060898563,0.09180989079911606,0.04139657727182131,0.001713676609821873,-0.37223717084161784,-0.20804660334165392,0.2337449239301104,-12.267104319177594,0.3395573064443118,-0.15414409936288354,,,,,,,,
3,x,109.0,0.012048606039585252,-0.0027000122969414557,0.014748618336526707,0.04139070669690969,0.0017131906008696048,-0.3526476777114467,-0.21277606892801912,0.2388093587887326,-13.467441429627922,0.3169549496534861,-0.16328629809262968,,,,,,,,
3,x,110.0,-0.07059291630297818,-0.0026641349795051106,-0.06792878132347306,0.04188754778496157,0.0017545666594374388,-0.35304092892556205,-0.2455780320644649,0.261819061752777,-10.575064278297285,0.32518857778370613,-0.20327463241674362,,,,,,,,
3,x,111.0,-0.01617207730324045,-0.0026278484941855617,-0.013544228809054887,0.04188869066447566,0.0017546624055841304,-0.3426186117150619,-0.24780030417251273,0.24888966644099556,-10.506948187411613,0.325428984465994,-0.20345192720941532,,,,,,,,
3,x,112.0,0.03828412776108683,-0.002591301859094272,0.0408754296201811,0.04197805689892818,0.0017621572610096517,-0.3419758120360711,-0.2613982966140742,0.2517792199155785,-10.74063715643399,0.32193145902144826,-0.22390769704094204,,,,,,,,
3,x,113.0,0.01820588863835191,-0.0025541078000261754,0.020759996438378087,0.042004688682341675,0.0017643938713004426,-0.33424239985735404,-0.26252510254641037,0.23794642368230406,-11.836283511982357,0.29569498543310674,-0.24223298259491546,,,,,,,,
3,x,114.0,0.019788953871039825,-0.0025159305247293862,0.022304884395769213,0.04206622747458388,0.0017695674939434355,-0.3304249275982879,-0.2549047160990603,0.23555587615935256,-12.422491870885299,0.28287813242335147,-0.263094611519886,,,,,,,,
3,x,115.0,0.03915662944207905,-0.0024779010139874607,0.041634530456066514,0.04227947306236838,0.0017875538424315335,-0.32333389113383953,-0.248916061334789,0.243389081423709,-14.149748669781783,0.25882967799580997,-0.32014638239359106,,,,,,,,
3,x,116.0,-0.06830084139294196,-0.002438902752662647,-0.06586193864027931,0.04269046313171016,0.0018224756423999046,-0.32988151199185073,-0.25477126433950353,0.2313232215505284,-12.650812424770892,0.24374003055515697,-0.35978813934146886,,,,,,,,
3,x,117.0,-0.052112921775592416,-0.002399107001124127,-0.04971381477446829,0.042846905885877085,0.0018358573439932085,-0.30719018618402055,-0.2625752254382483,0.21643106601506445,-10.203814020090762,0.2791807898348143,-0.3647458835976892,,,,,,,,
3,x,118.0,0.03351786901706192,-0.0023587662238467406,0.03587663524090866,0.0430099139463148,0.0018498526976694044,-0.313986841025388,-0.27352933635543347,0.2234365821410958,-11.198359027477533,0.2561525046841578,-0.4095003077026932,,,,,,,,
3,x,119.0,0.02520087122663998,-0.0023175996207559124,0.027518470847395893,0.04309659206128935,0.001857316247297188,-0.30617198619914165,-0.27960773745392487,0.20921383808724525,-12.364610472432021,0.23141550454155915,-0.4376889686965592,4.7330497140778875e-17,0.9999999999999267,7.319101026575286e-14,0.0006490786673185626,"{'sigma': 0.0707260700621097, 'lam': -3.1415926535897647}","{'sigma': 0.023775547603045455, 'mu': -0.5052243938499668, 'w0': 2.1871097166091102, 'delta': 1.4719891971992638e-10, 'psi': 0.1}",{'sigma': 0.021384428146938358},0.00019971651302109605
3,x,120.0,-0.023456168254860712,-0.002275960016931024,-0.02118020823792969,0.042856118317785505,0.0018366468772680305,-0.306959981800723,-0.2793610575300801,0.21568868504751315,-10.2164717137392,0.26835729140290177,-0.3791178130164435,,,,,,,,
3,x,121.0,0.08686618539064557,-0.0022330873252226686,0.08909927271586823,0.043781288839691915,0.0019168012524645318,-0.3114200132540766,-0.2591964780641486,0.22842489961637946,-13.792392868585452,0.2709627399976812,-0.43495790596070916,,,,,,,,
3,x,122.0,0.08609561667201918,-0.0021896787258343436,0.08828529539785351,0.0446239454982901,0.0019912965118343653,-0.25855779602310514,-0.2636466858127835,0.23621655457962973,-21.212699287451116,0.2635198824272862,-0.49309106903774985,,,,,,,,
3,x,123.0,0.04487641586821145,-0.002145581448803652,0.047021997317015105,0.04485959382389142,0.0020123831580445167,-0.23172317797168784,-0.23560540884668624,0.23063487545578001,-28.213016570203617,0.23500742403519997,-0.5473437912181062,,,,,,,,
3,x,124.0,-0.06820511619295969,-0.0021005002863951168,-0.06610461590656456,0.045359911179428,0.002057521542205598,-0.24346975661142217,-0.2577744125142952,0.19251016824728442,-20.307717932859664,0.23647971986590366,-0.5934172171244411,,,,,,,,
3,x,125.0,0.023878745754995025,-0.002054254350195616,0.025933000105190642,0.04542279820101435,0.002063230596410073,-0.24809858971617663,-0.25091674592088936,0.19870088599496286,-23.840095533990986,0.214638934277698,-0.6131808634381443,,,,,,,,
3,x,126.0,-0.008521908739634303,-0.0020071335483316834,-0.00651477519130262,0.045370990256281225,0.0020585267568355658,-0.24753267640899565,-0.24152944195875306,0.19165522991136824,-20.502674724239,0.234285191073344,-0.5963186713249358,,,,,,,,
3,x,127.0,-0.07825101041109972,-0.001959559044151886,-0.07629145136694783,0.046001030841495656,0.0021160948384802343,-0.24686678138786844,-0.2456267187148582,0.21618385754752026,-16.088412078307712,0.21952493487119143,-0.6352994190950911,,,,,,,,
3,x,128.0,0.06583354721199736,-0.0019109137137532143,0.06774446092575057,0.04614576152879046,0.002129431307071998,-0.25517400563035847,-0.23552992898396743,0.21269491845213725,-28.355601272128073,0.18642308108061825,-0.6644484901297031,,,,,,,,
3,x,129.0,-0.04001472466471951,-0.0018612956707734706,-0.03815342899394604,0.04603145612308595,0.002118894952811587,-0.2781597986734619,-0.20898428818209067,0.23325418558541158,-18.224971328107994,0.22757712108941058,-0.6335655075526857,,,,,,,,
3,x,130.0,-0.0713243134509452,-0.0018102394429934737,-0.06951407400795172,0.04631221561330538,0.0021448213150132866,-0.25467967371164846,-0.2156745134951217,0.2456255745162306,-12.543226647784913,0.2546511745841853,-0.6256962714561729,,,,,,,,
3,x,131.0,0.14056999635750228,-0.0017585042520709758,0.14232850060957325,0.04828872848308323,0.0023318012985129337,-0.30093494417482936,-0.22368885300264058,0.28295914891534646,-26.04650178988003,0.3830980312425426,-0.25043435012367177,,,,,,,,
3,x,132.0,-0.025230714344974935,-0.0017057305653572258,-0.02352498377961771,0.04790359459478635,0.002294754375101644,-0.2941999744598864,-0.2079498189800333,0.2911571767320045,-33.09413912106433,0.39099056355612033,-0.2082889153047659,,,,,,,,
3,x,133.0,-0.012222678649933417,-0.0016513132989783338,-0.010571365350955084,0.04772117073974507,0.0022773101367719014,-0.29888710976878047,-0.20779079161638053,0.2994106661263985,-23.919307326796268,0.42300831383068704,-0.15148916344728958,,,,,,,,
3,x,134.0,-0.07456409505400657,-0.0015955337853391072,-0.07296856126866746,0.0482177272497195,0.0023249492211283424,-0.29299914665093846,-0.19461645565169639,0.23925713330294315,-16.171353029404063,0.43446930520482996,-0.17837929764115595,,,,,,,,
3,x,135.0,-0.010295805035405352,-0.0015395601529723012,-0.00875624488243305,0.04821814901103897,0.0023249898940507587,-0.28637776241525414,-0.19362588873196623,0.2393985317318189,-15.326628804112147,0.44497062855437364,-0.17212642375724455,,,,,,,,
3,x,136.0,-0.08330351390830548,-0.0014817711409044875,-0.08182174276740099,0.048818184058258995,0.0023832150947460527,-0.28258074319634785,-0.1592093227806322,0.24089317772994265,-13.317110309268026,0.41589814147089277,-0.21337192257234258,,,,,,,,
3,x,137.0,0.05095540672900892,-0.0014225569708888285,0.052377963699897744,0.049065392696375075,0.0024074127604494966,-0.29310762055598,-0.16006530875910902,0.21948722982980676,-16.74052109264489,0.3779768143562962,-0.28116495926936025,,,,,,,,
3,x,138.0,-0.07146775693597512,-0.0013632805688545849,-0.07010447636712054,0.049425002572865535,0.002442830879327765,-0.3051797771691403,-0.1319964240690266,0.22103954924733937,-12.415476717328493,0.4021312400169691,-0.28907606780800915,,,,,,,,
3,x,139.0,-0.08227626214575846,-0.0013023533550518417,-0.08097390879070662,0.05006208415227088,0.0025062122696690517,-0.2757921340828913,-0.1468989259626174,0.24211470706627858,-10.40242984380284,0.3966179981311357,-0.3340217213726973,1.3110820157525399e-11,0.9999999962269737,3.759915388639121e-09,0.0017621470003745057,"{'sigma': 0.07999750686689779, 'lam': -3.141592172357414}","{'sigma': 0.024803036630343556, 'mu': -0.47677832380817875, 'w0': 2.0639670767571485, 'delta': 2.1142342099267353e-08, 'psi': 0.1}",{'sigma': 0.02370177731914063},0.00029369116672908426
3,x,140.0,0.06315567981687743,-0.0012396883679731364,0.06439536818485057,0.05049734587928305,0.0025499819408519447,-0.2909422037952653,-0.16301637119843052,0.25257825923351807,-12.363354113752,0.36636157749778314,-0.41877604934070434,,,,,,,,
3,x,141.0,-0.03404312636878242,-0.001177370427968934,-0.032865755940813486,0.050594839134338786,0.0025598377470296193,-0.296285013144337,-0.15142770931265162,0.2632314828505053,-11.614650822305089,0.3788312019335715,-0.4291060018124225,,,,,,,,
3,x,142.0,0.003149746306496546,-0.0011127052047516853,0.004262451511248232,0.0505856744908644,0.0025589104636956897,-0.2988904220042885,-0.14698253830694955,0.25717446360250185,-12.117866325829501,0.3688865617605794,-0.43242707731373325,,,,,,,,
3,x,143.0,-0.003639295309075624,-0.0010465810849550963,-0.0025927142241205276,0.05045079082049972,0.0025452822944138187,-0.29164824303951153,-0.1570288804401274,0.2588027438608249,-13.251843910948258,0.3542858896942496,-0.4174998492497646,,,,,,,,
3,x,144.0,-0.02614675288765217,-0.0009802230379233588,-0.02516652984972881,0.049823863212008226,0.002482417345368907,-0.27716248022156814,-0.16704958542155118,0.26802106470418163,-10.269847695364023,0.38611523895564603,-0.32636660584490645,,,,,,,,
3,x,145.0,0.013524726463364868,-0.0009127597102283939,0.014437486173593262,0.04948545131395184,0.002448809891745498,-0.27517794410354224,-0.17079748199604272,0.27344176288576716,-12.144828692234885,0.365336062228446,-0.2971617617960622,,,,,,,,
3,x,146.0,0.043009575121842586,-0.000843639249433215,0.0438532143712758,0.049645829687730375,0.0024647084053831306,-0.2703032606143884,-0.17559691210981782,0.269336472281824,-12.991873991456607,0.3541835282041531,-0.33326874297887255,,,,,,,,
3,x,147.0,-0.10649216156911387,-0.000774660219758717,-0.10571750134935515,0.050726240032377905,0.0025731514278224186,-0.281873900241633,-0.17737223476151048,0.2726453959283804,-10.69381656661751,0.2985895056034667,-0.3463226679408165,,,,,,,,
3,x,148.0,0.012586884080666317,-0.000703877309965073,0.01329076139063139,0.050733038588579825,0.0025738412044303298,-0.2858348194134689,-0.17298100615311426,0.27517821371168605,-10.794589657267853,0.29712951556320044,-0.34833952405146906,,,,,,,,
3,x,149.0,-0.023382114800511555,-0.0006326433098496253,-0.02274947149066193,0.05054327522050906,0.0025546226700161254,-0.28498827498721563,-0.1567809805151119,0.2758124617487729,-9.423056462119561,0.3325453665811123,-0.297567665831725,,,,,,,,
3,x,150.0,0.02990826848687583,-0.0005606047934085659,0.030468873280284397,0.05062346526242002,0.0025627352351754464,-0.2890589862425623,-0.15607629025270003,0.25797312049618226,-10.451616540531464,0.3041199103625059,-0.3264538675221367,,,,,,,,
3,x,151.0,0.022489109848087573,-0.0004879309475441903,0.022977040795631763,0.050615361864437415,0.002561914856667945,-0.2879486559984991,-0.1557600413697622,0.26087286291493506,-11.756957632841523,0.2758286099089069,-0.3371531073334512,,,,,,,,
3,x,152.0,0.0065943392154705766,-0.0004143924862616438,0.007008731701732221,0.05057024941271537,0.0025573501256642393,-0.28526666960908614,-0.15334185966796368,0.26067795862463405,-12.75265252700898,0.2584855233186773,-0.33469348663362064,,,,,,,,
3,x,153.0,0.009724822730072157,-0.00034012300126215706,0.010064945731334313,0.05053264913564015,0.0025535486286657133,-0.2862794496177669,-0.15264081474348482,0.2690120994472275,-12.477113919517548,0.2649555422267058,-0.3244899919029369,,,,,,,,
3,x,154.0,-0.03129107360116331,-0.0002656457170378927,-0.031025427884125416,0.05060174481291409,0.002560536578111278,-0.28747522969408107,-0.15147411786127107,0.26441331367241294,-11.384849321719477,0.2871750243668939,-0.3288612028868754,,,,,,,,
3,x,155.0,0.08517823492599512,-0.0001901405820508565,0.08536837550804598,0.05134718641533531,0.002636533552771195,-0.2933082321100186,-0.14591961933102018,0.2643326181015429,-14.254243812377652,0.27697559083930856,-0.41606057212064224,,,,,,,,
3,x,156.0,-0.06564658874802774,-0.00011426754943080807,-0.06553232119859694,0.05141503555753886,0.0026435058813829857,-0.30514902585563825,-0.14354247529496267,0.24588646061085767,-14.168031015639984,0.2743766564313501,-0.4208616869060333,,,,,,,,
3,x,157.0,0.007657635205321762,-3.8351663917472485e-05,0.0076959868692392346,0.051365860322477065,0.0026384516066682235,-0.30341026145575956,-0.133100661680569,0.24019032539654292,-13.698417474516544,0.2831836481386132,-0.4076981052363609,,,,,,,,
3,x,158.0,0.013223633380756628,3.868455622962029e-05,0.013184948824527008,0.051332912928410954,0.0026350679497158204,-0.31373049472981684,-0.1302493259778958,0.23954328808479428,-15.359190785688407,0.26247854475584514,-0.40951365898019726,,,,,,,,
3,x,159.0,-0.06019095763698106,0.00011559315917188898,-0.06030655079615295,0.05108117440332398,0.002609286378422801,-0.2988839692112546,-0.14105755418189056,0.2619358962330233,-16.353009730469616,0.2756621968003496,-0.3990142989890347,5.911036855543425e-14,0.9999999999707063,2.923460506511278e-11,0.0009669703770505287,"{'sigma': 0.08545205632783061, 'lam': -3.141592415306961}","{'sigma': 0.02467025269275336, 'mu': -0.4289155616811977, 'w0': 2.086054573984735, 'delta': 0.22928478235578398, 'psi': 0.1}",{'sigma': 0.025393799846144448},0.00029752934678477786
3,x,160.0,0.07977912070271362,0.00019210238497222726,0.0795870183177414,0.051171368805121555,0.0026185089853897675,-0.3077957936340325,-0.14373702509450076,0.26630547781247704,-16.883921560779317,0.2788416187372959,-0.40214216132330255,,,,,,,,
3,x,161.0,-0.009489954895798455,0.0002696225650503342,-0.009759577460848788,0.05111005874989139,0.0026122381054173496,-0.30501058411577947,-0.14161010309712593,0.26696305871223713,-18.113334194976535,0.2707889844625637,-0.39388187046888384,,,,,,,,
3,x,162.0,-0.0030845233180934427,0.0003464021466686735,-0.0034309254647621164,0.051052532931020696,0.0026063611186729523,-0.3045255494678049,-0.14166370269114303,0.26164164568463166,-16.706409244834198,0.28681721129884186,-0.376087513678268,,,,,,,,
3,x,163.0,0.02868647720645039,0.0004231068393092805,0.02826337036714111,0.05112910469889261,0.0026141853473103226,-0.3041508977403137,-0.14170983353351577,0.2675784363217215,-19.27999131410542,0.26549651107262023,-0.3994710693147252,,,,,,,,
3,x,164.0,-0.03744261488253553,0.000500252011718163,-0.03794286689425369,0.05125873324860192,0.002627457734251328,-0.31232621938159927,-0.14132262411976493,0.2682431610325478,-16.682234876308346,0.28681233363616654,-0.4133704155009427,,,,,,,,
3,x,165.0,0.009570340820542037,0.0005768374180516074,0.00899350340249043,0.05077753053109975,0.0025783576068367673,-0.31864139637194827,-0.14059914130317192,0.2782401183525281,-13.964743673010705,0.3042575971952534,-0.3353032264146717,,,,,,,,
3,x,166.0,0.057043108820392305,0.0006532432448317,0.056389865575560603,0.0510989421259805,0.002611101886394304,-0.3140968734696655,-0.14676917405571255,0.28264036519774416,-16.4270607789697,0.28440675374628016,-0.39818032971729755,,,,,,,,
3,x,167.0,0.013824340543948436,0.0007300116938583332,0.013094328850090103,0.05111760093550594,0.002613009125401638,-0.30953732101603565,-0.14610422079455107,0.2799665228479454,-17.62381753202066,0.2741842376518944,-0.40589930212272535,,,,,,,,
3,x,168.0,-0.10233893274320113,0.0008049298839228132,-0.10314386262712395,0.05206734608928788,0.002711008528781682,-0.3090093984511353,-0.1673771755958318,0.27184173204765916,-14.397840240872382,0.22722932200745508,-0.42513467250500825,,,,,,,,
3,x,169.0,0.061393335578888916,0.0008802123049717167,0.060513123273917196,0.05243657494980715,0.0027495943924667424,-0.3243239573139316,-0.1630239997822787,0.2834435761064734,-17.64023409474904,0.20452312822421725,-0.4889362047370739,,,,,,,,
3,x,170.0,-0.005509222554392184,0.0009550620593326144,-0.006464284613724799,0.052385495486623274,0.002744240137379027,-0.3227229184930397,-0.16355230291570025,0.28730720717054,-19.066909837561717,0.19544999953367004,-0.48209999840860396,,,,,,,,
3,x,171.0,-0.08290263574518222,0.0010286966200003353,-0.08393133236518256,0.053026314011114135,0.002811789977605279,-0.31654271805149986,-0.1810871667137681,0.30902812841154514,-14.53898294734639,0.20320136040663633,-0.5282983982050103,,,,,,,,
3,x,172.0,0.05943311095935744,0.0011024168282092355,0.058330694131148206,0.05307736716919243,0.0028172069056132663,-0.32363955693016333,-0.18024039877986933,0.30753334607121807,-21.59402205164012,0.16262587660292224,-0.5497932955267134,,,,,,,,
3,x,173.0,0.06467543719404586,0.0011745750033571082,0.06350086219068876,0.05334418378637493,0.002845601943834546,-0.3075810090035885,-0.18789628325896748,0.3032126853863003,-25.04087739511394,0.15879067828892088,-0.5837599200517178,,,,,,,,
3,x,174.0,0.04783764605539298,0.001246216244556873,0.0465914298108361,0.05354366512005846,0.0028669240744889648,-0.2943966907196936,-0.17650502545023605,0.28462329833147254,-31.44870166336996,0.14214801716684097,-0.6191460438545578,,,,,,,,
3,x,175.0,-0.03816754858482136,0.0013174389087978308,-0.03948498749361919,0.053085664370430316,0.002818087761649975,-0.299542304785526,-0.16585190957255733,0.2617755396300016,-42.42182021634946,0.15344190439197902,-0.5895933480129578,,,,,,,,
3,x,176.0,0.08129251580590602,0.001386823344078855,0.07990569246182716,0.053668315602617825,0.002880288099622192,-0.3126259290602237,-0.1489243462004591,0.2753018900802527,-104.47444913812082,0.1425671286425318,-0.653636773932642,,,,,,,,
3,x,177.0,-0.015691236833606122,0.0014553448059401136,-0.017146581639546236,0.05316375893178521,0.002826385263756972,-0.3035194192342369,-0.14666076550899604,0.2523383477019718,-38.11963309140825,0.17117737639897576,-0.5909168006777208,,,,,,,,
3,x,178.0,0.0001267471352794777,0.0015238705460614845,-0.0013971234107820068,0.052855783458346114,0.002793733844995575,-0.3054975491570427,-0.12934465080778024,0.23990201930528887,-66.49835578824973,0.1549812503752629,-0.5536197850300186,,,,,,,,
3,x,179.0,0.02058144715878313,0.0015900611889416668,0.018991385969841464,0.05288661967955756,0.0027969945411301647,-0.30944920259100805,-0.1326059146023259,0.24626146091526105,-98.37324275530919,0.14315045108901384,-0.5618169745684787,4.596286979960775e-13,0.9999999996854572,3.140831616513374e-10,0.001577776614693678,"{'sigma': 0.08203409457320557, 'lam': -3.14159264640451}","{'sigma': 0.025198908717993795, 'mu': -0.473476487368497, 'w0': 2.0964715814250123, 'delta': 0.046798132071705245, 'psi': 0.1}",{'sigma': 0.024348442053317074},0.000262962769115613
3,x,180.0,-0.06456684010236854,0.0016550743083523192,-0.06622191441072087,0.052483314878110025,0.0027544983405948455,-0.29318729059570736,-0.16324221908083894,0.2656743284022964,-25.249129321539233,0.16220977202703094,-0.541059794376919,,,,,,,,
3,x,181.0,0.015879008609340682,0.001720031114163045,0.014158977495177636,0.05194261625307374,0.00269803538321408,-0.27764647611784216,-0.17481241702559808,0.26446001075991427,-46.27457994729222,0.14611296418527914,-0.49394882750395774,,,,,,,,
3,x,182.0,0.15037923226006114,0.001783051533725761,0.14859618072633538,0.05342266454833443,0.0028539810874438683,-0.2516174941164855,-0.20049134013563075,0.25395610703214166,-135.34660008728574,0.28063236263041735,-0.20410922089250172,,,,,,,,
3,x,183.0,-0.10360401295273765,0.0018437709447356278,-0.10544778389747328,0.054348253912890596,0.002953732703380028,-0.29446229805717405,-0.1971839359869688,0.26881539428801443,-52.62174031066472,0.23146586195394625,-0.2295579192909826,,,,,,,,
3,x,184.0,-0.019997219395955813,0.0019046012007000938,-0.021901820596655908,0.05437479469488838,0.002956618298111261,-0.27927115583760015,-0.20293313828355386,0.2660259393094284,-51.36510329386108,0.2350410718213444,-0.23349929745867043,,,,,,,,
3,x,185.0,0.021898591908392342,0.001963727260348269,0.019934864648044073,0.054195611632728444,0.002937164320245531,-0.2760705892341131,-0.1981639369799769,0.2763887110345594,-42.07140133508142,0.24667205588975333,-0.19674668021763522,,,,,,,,
3,x,186.0,-0.042507139446501634,0.0020207033294692683,-0.044527842775970904,0.0542567366635296,0.002943793473375597,-0.28789197154188406,-0.20181501970198273,0.29451745124756473,-41.22916362863108,0.24785933594717405,-0.20556674152214177,,,,,,,,
3,x,187.0,0.013611364482836152,0.0020768237509505233,0.011534540731885628,0.05393694136361842,0.002909193643662412,-0.302497669456315,-0.1931514469351037,0.3035781609271223,-97.71524804342044,0.22577692797953405,-0.16557861895272208,,,,,,,,
3,x,188.0,0.03969421561784863,0.0021315344662002815,0.03756268115164835,0.05380755617913888,0.0028952531019711862,-0.29447631666629914,-0.19261494577725188,0.29732792393799745,137.97122599382033,0.1894205356413614,-0.1588101296386646,,,,,,,,
3,x,189.0,0.001428562766064317,0.0021837182048494155,-0.0007551554387850985,0.05360850003913202,0.0028738712764456178,-0.30163986715696156,-0.18460097300983644,0.28592884756134485,-1532.8826423846408,0.2124966241659728,-0.1132987664252234,,,,,,,,
3,x,190.0,0.01244605814276622,0.002235181795454371,0.01021087634731185,0.0534941736376567,0.002861626613175765,-0.29652228499864663,-0.20114590633325535,0.2923682694346288,-217.0573503432729,0.22603970931010703,-0.0853882648825334,,,,,,,,
3,x,191.0,-0.0935138592030519,0.002284972378628243,-0.09579883158168015,0.05402205310897806,0.002918382222109246,-0.27946762989829627,-0.20675904715066198,0.26415910507850154,-98.2577901555947,0.19567883788285903,-0.10403287316414231,,,,,,,,
3,x,192.0,0.07470971863488161,0.0023320396528174942,0.07237767898206413,0.05343657743075734,0.002855467807513325,-0.28999723214489626,-0.1838345786952509,0.2598375776018333,-63.48066331794426,0.16503250623762894,-0.10255871640627305,,,,,,,,
3,x,193.0,0.02223805849455492,0.0023787115650961053,0.019859346929458815,0.05335168801501763,0.002846402614051775,-0.29266342147546404,-0.18543466235886275,0.2696781806758071,-230.41019621240093,0.13758578997150944,-0.09202990653820681,,,,,,,,
3,x,194.0,-0.023504562907635015,0.002423521668530026,-0.025928084576165043,0.053049330488016626,0.00281423146522681,-0.2921551638856576,-0.18031975611806844,0.26411716581715733,291.175087200345,0.13465322598868143,-0.04673819520785288,,,,,,,,
3,x,195.0,0.02059874375510965,0.0024650136175367807,0.01813373013757287,0.053047429653945384,0.002814029792890284,-0.29863559089008657,-0.17630882224620245,0.2673740704848754,228.10601687529237,0.13495945703055964,-0.04625805365819573,,,,,,,,
3,x,196.0,-0.06052305365386606,0.0025056542599666298,-0.0630287079138327,0.05313710730004993,0.0028235521722170197,-0.29201031081352546,-0.16652375617920426,0.26815829103272776,-59.19898631055412,0.17344824181316523,-0.04349923514049959,,,,,,,,
3,x,197.0,-0.056615185066846055,0.0025448963240817524,-0.05916008139092781,0.053136139640784764,0.002823449335924978,-0.279837211060369,-0.17641563507338037,0.27047168632681745,-63.22428945827487,0.17346967012495368,-0.04338384936130803,,,,,,,,
3,x,198.0,-0.011679190920407942,0.0025807904319780977,-0.014259981352386038,0.0531333368733983,0.0028231514873020276,-0.27693539630042485,-0.1727285918636565,0.26834982309191174,-68.65984067266751,0.1729529579928325,-0.042895495355925926,,,,,,,,
3,x,199.0,0.03084316994709034,0.002615537346617312,0.028227632600473028,0.053139908203748365,0.002823849843902803,-0.27973531257697626,-0.17996975448999336,0.26318313721665376,-323.0103471733694,0.1439473110485034,-0.051127040289364656,1.0890775885691454e-18,0.9999999999999991,9.217056414330855e-16,0.0007396935712494597,"{'sigma': 0.08889596747749243, 'lam': -3.1415926535897927}","{'sigma': 0.02600427219341861, 'mu': -0.4320542184734074, 'w0': 2.1452685631176394, 'delta': 0.2749115677621008, 'psi': 0.1}",{'sigma': 0.02646624870579537},0.0003170115305354826
3,x,200.0,0.025881645399314493,0.002648047181567544,0.02323359821774695,0.0531686095511567,0.0028269010416033516,-0.27838734855130765,-0.17976388463138404,0.2560962420985778,198.5126068944752,0.12311840579039658,-0.06131916319043832,,,,,,,,
3,x,201.0,-0.003038160537666696,0.002677698925399053,-0.005715859463065749,0.053121335581574725,0.0028218762939702766,-0.2769566657832093,-0.1809663527088901,0.25591223391667667,107.9148783301539,0.11459995412755339,-0.05246863285249157,,,,,,,,
3,x,202.0,0.010021277121386415,0.0027067404691721066,0.0073145366522143086,0.053050003099536384,0.0028143028288608197,-0.2766940576828007,-0.1796936054269668,0.25246485351251274,159.13916548274665,0.1259798932686138,-0.03489566700321013,,,,,,,,
3,x,203.0,0.0014419526042246745,0.002733057927095844,-0.0012911053228711698,0.05304435042022631,0.0028137031115037627,-0.27701477905983346,-0.1790592278932652,0.2525091942302067,117.823297465773,0.12256260923859884,-0.03418759253087963,,,,,,,,
3,x,204.0,0.09712065251746776,0.0027563151912578295,0.09436433732620994,0.05385857574183214,0.0029007461809386695,-0.27323200570831657,-0.17378354274758753,0.2465889373991362,35.30553897313841,0.11354491903013209,-0.12775100914272794,,,,,,,,
3,x,205.0,-0.059054285806502994,0.002778277606200345,-0.06183256341270334,0.05397655304471445,0.002913468278588873,-0.29085230518376815,-0.1614006934996795,0.23082095250648604,124.5536515735238,0.15229774805977297,-0.13125566940769015,,,,,,,,
3,x,206.0,-0.009515191364245584,0.0027981437781572868,-0.01231333514240287,0.05398068459333606,0.0029139143091652295,-0.28591529336118027,-0.16902364596639727,0.23036998860489855,212.18293811107927,0.16537031171776775,-0.1292675672621907,,,,,,,,
3,x,207.0,0.021369762660445924,0.0028146957992802777,0.018555066861165648,0.05355581738686464,0.002868225575975193,-0.27055243572733534,-0.1697494359844695,0.21947071893015546,45.20574125542379,0.14194551029263625,-0.0751246325083626,,,,,,,,
3,x,208.0,0.01123197509581496,0.002829168058322047,0.008402807037492913,0.05277311078353545,0.0027850012217713054,-0.27880734025877135,-0.15122932409709364,0.2243198011357345,129.89067741914968,0.14448002740659538,0.022314427143936305,,,,,,,,
3,x,209.0,-0.055035643452740236,0.0028415863706209134,-0.05787722982336115,0.053071124164572374,0.002816544220091458,-0.2776513158234505,-0.15348596004687073,0.2240692898969008,-200.60615076550158,0.17016998415443854,-0.023133589138137726,,,,,,,,
3,x,210.0,-0.0947997582749056,0.0028509354618328786,-0.09765069373673847,0.05353417778007895,0.0028659081905890982,-0.2566440146959498,-0.14524081169516306,0.2211103590666264,-105.66882626382385,0.1417133365162792,-0.035284353487635,,,,,,,,
3,x,211.0,0.053866267723476614,0.002858416105890976,0.051007851617585635,0.05376673235045398,0.002890861507645355,-0.26771417961179556,-0.1535967787189807,0.22295884709520727,277.4896642985844,0.11244894817586037,-0.08522323883943354,,,,,,,,
3,x,212.0,0.06188001292645851,0.002862930761278998,0.059017082165179514,0.05393665599642139,0.0029091628600762995,-0.258196532474099,-0.17434402774830893,0.20284458578812672,125.51579773952574,0.11013819627137297,-0.11266420260879396,,,,,,,,
3,x,213.0,-0.10302174425133585,0.002864658055339842,-0.10588640230667569,0.0549244955315029,0.0030167002093900823,-0.2751976459136063,-0.19288098626493846,0.2376029375172373,-70.18600148857489,0.1002887179353146,-0.1665249207802023,,,,,,,,
3,x,214.0,0.009061146569109666,0.0028642746606523965,0.00619687190845727,0.0548785693326812,0.0030116573720018972,-0.27722544844108815,-0.18654704672975925,0.2429190358697843,-61.67279310228729,0.10874469898015256,-0.15579705404308625,,,,,,,,
3,x,215.0,0.00292633058815921,0.002861621078445525,6.470950971368492e-05,0.05470703416828052,0.0029928595874894126,-0.2705333096424554,-0.17759839577492373,0.23747034130035372,-43.69092174573686,0.12804107666442424,-0.1191807465040228,,,,,,,,
3,x,216.0,0.04350809731703417,0.002855372645629836,0.040652724671404336,0.05448246837168791,0.0029683393598719733,-0.2834026476064442,-0.16957411386522278,0.22566470790055068,-406.4401628046135,0.09143319921894708,-0.09638115923288966,,,,,,,,
3,x,217.0,0.06616647904751491,0.0028467478259660154,0.0633197312215489,0.05462718228711719,0.00298412904462993,-0.26747131972848087,-0.1644437913200286,0.2232329768717201,52.08809279427699,0.051384964763306604,-0.12192112908221997,,,,,,,,
3,x,218.0,0.013433190285872101,0.002836823057242614,0.010596367228629488,0.05451998629357541,0.0029724289054516508,-0.26760183414764743,-0.16028632467633938,0.21541717036769897,64.300074086071,0.0631226074845776,-0.09930238749687388,,,,,,,,
3,x,219.0,0.0246398664916301,0.0028227548398177013,0.0218171116518124,0.05449410539230013,0.0029696075225071144,-0.2651086234398548,-0.16522307910740128,0.21234446386634795,64.69761634043215,0.06576023155278078,-0.0937434173934616,5.803149956659431e-17,0.9999999999999227,7.726162374608299e-14,0.001104063127658068,"{'sigma': 0.0842519338144895, 'lam': -3.1415923544561295}","{'sigma': 0.02670416464772618, 'mu': -0.4732515488240969, 'w0': 2.203439589687074, 'delta': 0.15473989631636176, 'psi': 0.1}",{'sigma': 0.02532411420240767},0.000315446607902305
3,x,220.0,0.018315611605230854,0.002806301104234751,0.015509310500996104,0.05447259348823724,0.0029672634413347465,-0.2609276161079554,-0.16036364177969095,0.21921800818057813,43.23197592589945,0.04606890501639561,-0.09076831117694804,,,,,,,,
3,x,221.0,-0.014737591219212089,0.002788437190886491,-0.01752602841009858,0.053759917553655105,0.002890128735375794,-0.2971512746814788,-0.17980056741579867,0.24395481095546337,220.35529066045225,0.06213840012543383,-0.004744993276755364,,,,,,,,
3,x,222.0,0.02109933190675882,0.0027671403517387817,0.018332191555020038,0.05304256326170385,0.0028135135173718547,-0.3191393311322419,-0.1613898122714658,0.24013867724545926,-130.6487715196634,0.05710424237986301,0.08348569821087135,,,,,,,,
3,x,223.0,-0.023813804010462316,0.0027430610777571768,-0.026556865088219493,0.052876182731445946,0.0027958907002492623,-0.312725189990314,-0.16542237149081246,0.24009879493784392,-48.3817244656716,0.09127151140530458,0.12081671210419906,,,,,,,,
3,x,224.0,-0.05889963435321759,0.002717019698382186,-0.06161665405159978,0.052823093463346384,0.0027902792030374273,-0.3011485527251811,-0.1709105295788108,0.22842096733185127,-52.83149544442228,0.09255174299182779,0.12755633638666597,,,,,,,,
3,x,225.0,0.0656697781574634,0.0026882173922858654,0.06298156076517754,0.053149520003518955,0.0028248714766044613,-0.31087617364532544,-0.16986636561825041,0.2265486560018209,-91.33308358431944,0.0868205274221809,0.06941942666115317,,,,,,,,
3,x,226.0,0.037076451015471516,0.0026571723924113293,0.034419278623060184,0.053268593452776104,0.0028375430484371415,-0.30399610108337755,-0.17642103678940255,0.22235857781733165,-422.94436929735735,0.065903655042963,0.040987894819220064,,,,,,,,
3,x,227.0,-0.02344402168516415,0.0026238525723522492,-0.0260678742575164,0.052787724384712346,0.0027865438457163544,-0.2930621235362577,-0.1932774071015517,0.21134271948104763,125.0529918839424,0.06722253469868535,0.11002333142092388,,,,,,,,
3,x,228.0,0.0134892318379661,0.002587994409153122,0.010901237428812978,0.05234786091804479,0.002740298542694961,-0.2876475619249752,-0.1770064368211903,0.184582153917172,-516.6571265496684,0.07928250289019216,0.1906076641865697,,,,,,,,
3,x,229.0,-0.02965959367866306,0.002550749864852067,-0.03221034354351513,0.052308880083846404,0.002736218935626223,-0.30125029603297715,-0.16048234756389956,0.17707342944638516,23446.398373554068,0.07746546043650673,0.19868835784489047,,,,,,,,
3,x,230.0,-0.011968154244479055,0.0025111509042777735,-0.014479305148756828,0.051870268649847076,0.0026905247698073083,-0.27544671353630396,-0.16839141226018295,0.17729672761371404,87.06094951415423,0.07036583557071369,0.27532846382349224,,,,,,,,
3,x,231.0,0.02464292173899315,0.002468664389406065,0.022174257349587084,0.049878865980032286,0.002487901271454022,-0.27523370604598013,-0.1726403462387731,0.22978046279627024,-88.51960894017618,-0.08875890959789208,0.1101493198616972,,,,,,,,
3,x,232.0,0.027715915579013706,0.002425767696473272,0.025290147882540435,0.04990320624216029,0.002490329993247586,-0.27302258151549724,-0.1821074845319747,0.22529459777708322,-1467.2297128971998,-0.1160739651981946,0.10857495467247551,,,,,,,,
3,x,233.0,0.030954251553207544,0.0023803532489765373,0.02857389830423101,0.04998349896539961,0.0024983501688241034,-0.2746180305122039,-0.17911978146915986,0.22354444656774503,125.66326415593828,-0.13721680482002863,0.09350036503224371,,,,,,,,
3,x,234.0,0.05369199170885682,0.002333582329601111,0.05135840937925571,0.04971944215978002,0.0024720229286797108,-0.27208262316881004,-0.20153326340039499,0.24628470910657047,29.589299697706426,-0.17264786260675744,0.14161458210998962,,,,,,,,
3,x,235.0,-0.11286154887848823,0.002285756303231725,-0.11514730518171996,0.05103601844555794,0.0026046751787753303,-0.29387928499569943,-0.20868212127459473,0.22697902999206682,77.95794800743586,-0.2150470970500944,0.08006655991018682,,,,,,,,
3,x,236.0,0.025256334045136684,0.0022356868277198616,0.023020647217416822,0.050427320782204944,0.002542914681271399,-0.2847452272621267,-0.23151069689614032,0.20711208305989046,28.97689971014996,-0.2426958297363046,0.18322150188264189,,,,,,,,
3,x,237.0,0.193335937275336,0.0021843406567301138,0.19115159661860587,0.05368001727861246,0.0028815442550321323,-0.2389036206221639,-0.28156384548921126,0.21976329522122554,16.96552474400766,0.17356940244119837,1.1413912778279656,,,,,,,,
3,x,238.0,-0.08138822564557427,0.0021330491096400884,-0.08352127475521436,0.05387762802335345,0.002902798801422841,-0.30451830078021425,-0.27316572561692315,0.24226643172388293,17.57914831412113,0.1629103132894617,1.1145439429190735,,,,,,,,
3,x,239.0,-0.059263016214698,0.0020799153433154445,-0.061342931558013444,0.0536090483515982,0.002873930065163994,-0.2663204721659542,-0.31044895388401766,0.23899621088875786,16.26985477406147,0.175108591224829,1.1568325894188272,2.0515134636421876e-18,0.9999999999999978,2.2287688340707368e-15,0.000876011813054766,"{'sigma': 0.08037938376381247, 'lam': -3.141592636429975}","{'sigma': 0.026114806114379663, 'mu': -0.5013253087388787, 'w0': 2.170230628652387, 'delta': 4.842459766507545e-11, 'psi': 0.1}",{'sigma': 0.023918673620603497},0.0002502890894442187
3,x,240.0,0.07090327550347558,0.002026466122726866,0.06887680938074872,0.053663805174311255,0.0028798039857864358,-0.27210496814660573,-0.32713411153640637,0.26951654844231326,15.912322662588007,0.17579534826420493,1.1452469739147768,,,,,,,,
3,x,241.0,-0.034218119298266056,0.0019731459160020897,-0.036191265214268145,0.0536865159864924,0.002882241998767904,-0.2785392419661577,-0.31674185406617805,0.27447449985187095,15.927321320103445,0.17659198517906238,1.1393570791340626,,,,,,,,
3,x,242.0,-0.0674908501499352,0.0019189790380594591,-0.06940982918799465,0.05415506033071288,0.0029327705594231514,-0.26602449201783496,-0.3282416988740442,0.28585315302349745,20.32609178936302,0.19031524994460075,1.0363596149012315,,,,,,,,
3,x,243.0,0.1182964382020676,0.001864471240023206,0.1164319669620444,0.05536950154992153,0.003065781701886763,-0.28599947836113004,-0.3349958617889784,0.30516649928620376,14.257005350805798,0.20562438979799588,0.8671289180590009,,,,,,,,
3,x,244.0,0.07225277694534876,0.0018107381676368704,0.0704420387777119,0.05571658065833161,0.0031043373602563725,-0.25155438478900416,-0.3433963037941567,0.2893064289026008,11.446264109618372,0.16943135704414813,0.7789124112209038,,,,,,,,
3,x,245.0,0.02859932296919836,0.0017569028931540105,0.02684242007604435,0.05575575165796901,0.003108703842945114,-0.24646222648741065,-0.32871463452132466,0.28062003331593793,11.110239997916135,0.16296868515546792,0.7668327752228905,,,,,,,,
3,x,246.0,-0.06271186384129204,0.0017037502915358926,-0.06441561413282794,0.05601051293113907,0.0031371775588092967,-0.24051395421161087,-0.34128225718075783,0.2510371655340751,14.139795904402023,0.19782178949203516,0.7305706529650027,,,,,,,,
3,x,247.0,-0.025885461213252327,0.0016512054974118754,-0.027536666710664202,0.05502600312415996,0.003027861019820061,-0.2324697768546077,-0.3595949349662094,0.25702668835043657,11.542471006463007,0.24125035233203687,0.8382533112208929,,,,,,,,
3,x,248.0,0.14004908478508174,0.001599304071297035,0.1384497807137847,0.05666203326183572,0.0032105860133653775,-0.23817303130543377,-0.37753339840321487,0.25907002313021804,9.378203418395216,0.2941279857882914,0.7240038274083449,,,,,,,,
3,x,249.0,-0.12944531779087667,0.0015487551093969272,-0.1309940729002736,0.05819579170630513,0.003386750172323653,-0.2789640180061571,-0.3525769726056773,0.27960130724918064,11.682960834853581,0.2001475950063784,0.6628780717311628,,,,,,,,
3,x,250.0,-0.015696170130352842,0.0014995430560377071,-0.01719571318639055,0.058164937671147464,0.0033831599742884695,-0.26523949703315014,-0.35107505605098593,0.28062770722807157,12.853535347113828,0.22404349030846726,0.677710620246094,,,,,,,,
3,x,251.0,0.05477206289742795,0.0014526717497340717,0.05331939114769388,0.058350787623259355,0.0034048144162547173,-0.2674989102916207,-0.36111374090653103,0.2949869374918188,12.035957153332408,0.21229762032319655,0.6310637801863207,,,,,,,,
3,x,252.0,-0.04226239279381985,0.0014067968789003165,-0.04366918967272017,0.05853516384859538,0.003426365406781908,-0.2726954464399163,-0.3571951875223339,0.3067042798258785,13.427123845013584,0.2315835163651708,0.5965621190040817,,,,,,,,
3,x,253.0,0.02336119535287879,0.0013635890073126062,0.021997606345566183,0.058562966214508475,0.0034296210118416612,-0.27406735418372186,-0.3582044977346392,0.3089110566838594,13.026048142764523,0.22537618170093673,0.5877511713669222,,,,,,,,
3,x,254.0,-0.04448083267516513,0.0013221711235982523,-0.045803003798763384,0.058667188150870124,0.003441838965529596,-0.2706947124643555,-0.35908541274610506,0.3003632699148699,13.44363575554948,0.22804283589982094,0.5678273806055872,,,,,,,,
3,x,255.0,0.06355060674341244,0.0012831311428723512,0.062267475600540086,0.058382130270927896,0.003408473134971595,-0.2647135315904787,-0.3584156826822386,0.2899261634895963,14.075915357536743,0.22506325953618878,0.6116042131596291,,,,,,,,
3,x,256.0,0.031134961801512928,0.0012470198867767113,0.02988794191473622,0.05804260098602739,0.003368943529223188,-0.2590305157458152,-0.36112903909105876,0.28172347844813667,11.346469250724338,0.1962078847767973,0.6645408242081324,,,,,,,,
3,x,257.0,-0.05363294080608868,0.001213494528075651,-0.05484643533416433,0.058329490383123385,0.0034023294483548835,-0.2622896911074842,-0.3689702650885375,0.28912071945128487,12.954707207271644,0.21600921119171984,0.6105681447706909,,,,,,,,
3,x,258.0,0.012382993722596429,0.0011824330713563478,0.011200560651240081,0.05832616835839943,0.003401941915372355,-0.26204999298376674,-0.37359808172649667,0.28963653931995187,12.978199978106757,0.21705867981903645,0.6117121384254494,,,,,,,,
3,x,259.0,0.04569843504283251,0.0011561394807567684,0.04454229556207574,0.05812750419084243,0.003378806743456404,-0.24956716735607568,-0.3827695072661288,0.29253433467231177,10.467655391132062,0.1809755488641576,0.6352401497787344,4.989008583919172e-16,0.9999999999999578,4.1755203663308154e-14,0.0010918573515905096,"{'sigma': 0.09796000361903488, 'lam': -3.1415924032507543}","{'sigma': 0.02968438182980848, 'mu': -0.44904405268877823, 'w0': 1.943905768233813, 'delta': 5.348753551182028e-09, 'psi': 0.1}",{'sigma': 0.028814703007406243},0.0003970390369420038
3,x,260.0,-0.01250478814026375,0.001132261353747356,-0.013637049494011105,0.05764147423182189,0.0033225395516177873,-0.25024564974585467,-0.3849837577170546,0.2907671955801788,12.448972151952756,0.21118586628690433,0.742758555186687,,,,,,,,
3,x,261.0,-0.12649440719421076,0.0011115411596457742,-0.12760594835385652,0.05908399708381882,0.003490918711400711,-0.23793445503897834,-0.3901315688301917,0.2794142988943428,17.075435961298936,0.1468598776650076,0.6446656381016974,,,,,,,,
3,x,262.0,0.05169249075552795,0.00109592800407868,0.050596562751449276,0.059285554676512274,0.0035147769933017267,-0.2494293644720449,-0.3926656737136596,0.2839258518358665,14.792007425088563,0.12334531957936745,0.5939492519923532,,,,,,,,
3,x,263.0,-0.05907673233024222,0.0010832074312338755,-0.0601599397614761,0.0595486191662263,0.003546038044604254,-0.25367881351997124,-0.3587147254725993,0.2826170722073519,19.023215184762872,0.15457221107252128,0.5497121438857322,,,,,,,,
3,x,264.0,0.029585207058848206,0.0010741396096692918,0.028511067449178914,0.059479164450031735,0.0035377710036739187,-0.2565343912018304,-0.34932285483829517,0.2670871333680731,15.649976513614254,0.12483608789159743,0.5586411184372282,,,,,,,,
3,x,265.0,-0.056535458374742664,0.0010701649498082973,-0.057605623324550964,0.05976966165796294,0.0035724124547073656,-0.2618206166478947,-0.33572639159055495,0.2628871935100649,19.03775368980123,0.14701122850609513,0.5046468782496237,,,,,,,,
3,x,266.0,-0.047747607903216985,0.0010694300125670233,-0.048817037915784005,0.05971266529921045,0.0035656023971355325,-0.25466925227403003,-0.32821890059758974,0.2624014665139222,28.54844103178729,0.187170654312307,0.5275193441672328,,,,,,,,
3,x,267.0,0.0332937948086351,0.0010733138404756203,0.03222048096815948,0.05978543503207149,0.0035742982419740407,-0.25806993909188164,-0.3353706701856502,0.2645934843279511,26.14919056917552,0.17819281442957227,0.5083589856374596,,,,,,,,
3,x,268.0,0.10091180605466778,0.0010814599135888661,0.09983034614107891,0.05968524431304473,0.0035623283887078376,-0.23271570573540745,-0.35113867376661106,0.2233772840295575,13.819777829329938,0.17639834807595675,0.48677165146319507,,,,,,,,
3,x,269.0,-0.15705306210220746,0.0010945523348594433,-0.1581476144370669,0.061507747853751744,0.0037832030460407027,-0.2647832623814152,-0.3434002433617122,0.2297671805807986,28.817833027267447,0.07842384686840564,0.5725517995025953,,,,,,,,
3,x,270.0,0.03184672139340666,0.001111562662277456,0.030735158731129208,0.061580150902979726,0.003792114985233755,-0.27240361815390335,-0.33024502776575915,0.234444555891687,24.55423790796354,0.06093766636132947,0.5542335651632935,,,,,,,,
3,x,271.0,0.16266221948338128,0.0011337419825045649,0.1615284775008767,0.06305655195146982,0.003976128744008412,-0.24150395249879716,-0.3665114919084727,0.28069490877403647,12.703865474663125,0.13401681070141225,0.6154827667324788,,,,,,,,
3,x,272.0,-0.1666901956100431,0.0011593305996773452,-0.16784952620972046,0.06507305933081414,0.0042345030506716575,-0.30320128492828236,-0.37558974373510806,0.3383635043094242,24.080272325872446,0.035749358089643184,0.6775248699624894,,,,,,,,
3,x,273.0,-0.03874285038341379,0.0011902933015734678,-0.03993314368498726,0.06488581258418298,0.004210168674709719,-0.2852380160941792,-0.3745783578339488,0.3254355019625654,38.89672625182766,0.07297471347266725,0.716662168574768,,,,,,,,
3,x,274.0,0.14113730383313378,0.001226030623676098,0.13991127320945768,0.06622541371017025,0.004385805421083206,-0.28812152020881876,-0.4218166276648457,0.3656220393842012,25.460025222027657,0.11980067432298751,0.6227451106324636,,,,,,,,
3,x,275.0,-0.1851819417770701,0.0012656679034340544,-0.18644760968050414,0.06870705792416242,0.00472065980859421,-0.324482555327323,-0.39047988802261707,0.41185622294684726,60.74847428249756,-0.03300167920592621,0.6961236047427183,,,,,,,,
3,x,276.0,0.010386603938500188,0.0013099101002063973,0.00907669383829379,0.06822888947059973,0.004655181358391314,-0.3160517097223974,-0.38100832779436394,0.4096835712865227,161.6991204260391,-0.019020008304153388,0.7808344354356263,,,,,,,,
3,x,277.0,0.09990264279724186,0.001358753833941381,0.09854388896330048,0.06894014988543475,0.004752744266226208,-0.3104846546424321,-0.4018973271576802,0.426690135788069,43.69139621490128,-0.03808016955002429,0.6720903424116564,,,,,,,,
3,x,278.0,-0.08336015375940081,0.0014121350860454242,-0.08477228884544624,0.06945376559173388,0.004823825554871517,-0.3226397221834187,-0.40255884580478346,0.44097296682991055,93.4750301629979,-0.018925592321776506,0.583377983377564,,,,,,,,
3,x,279.0,-0.020539049737138743,0.0014695037068943955,-0.022008553444033137,0.06945378409564348,0.004823828125204259,-0.3152888361400523,-0.4034508551414419,0.44459145801874583,209.31510786801854,-0.0013845958021754083,0.5831244858745877,1.2737938229418334e-10,0.999999991604075,8.268545497309653e-09,0.0012629867590399266,"{'sigma': 0.09979040485920657, 'lam': -3.1415920884923922}","{'sigma': 0.029520096975655274, 'mu': -0.4351788351958682, 'w0': 1.8838834298099463, 'delta': 1.0004002737318274e-08, 'psi': 0.1}",{'sigma': 0.029472266358323836},0.00045926791237815547
3,x,280.0,0.12464842897375235,0.0015311679742322714,0.12311726099952007,0.0702535617558933,0.004935562939389113,-0.31497459967474245,-0.40663629349746705,0.45175452025863705,31.58929799675005,-0.0180612820654349,0.5152937185384602,,,,,,,,
3,x,281.0,-0.13861181104952064,0.0015965905608981315,-0.14020840161041878,0.07162591008168823,0.005130270995030088,-0.3508787147215716,-0.39345991252168555,0.46483042372501787,105.4781875994928,-0.028749559986400306,0.399441668352434,,,,,,,,
3,x,282.0,0.06374922211741749,0.0016668564783487243,0.062082365639068764,0.0703066822861007,0.004943029574078705,-0.3407328031784297,-0.3716535146854287,0.4647039002024929,-375.4873946485922,-0.08516516029972561,0.4487231223053631,,,,,,,,
3,x,283.0,-0.033015966356340964,0.0017402664872876233,-0.03475623284362859,0.06961027296889057,0.004845590102803457,-0.3517647410330328,-0.3537288312168964,0.4439626345989775,134.21710908247664,-0.08628032170748767,0.5442135244701028,,,,,,,,
3,x,284.0,-0.0378107383239118,0.0018170521614314932,-0.03962779048534329,0.06968523017498711,0.004856031304540934,-0.3475675822065219,-0.35944148183146646,0.44616816862523423,204.65310005371646,-0.0796430959330886,0.5285851159449811,,,,,,,,
3,x,285.0,-0.09339995304435772,0.001898145028592501,-0.09529809807295023,0.0702741899025168,0.004938461766454994,-0.33554674509997573,-0.3501568718250717,0.42722221042778935,-86.49330153029305,-0.05211256401021543,0.43710039651357346,,,,,,,,
3,x,286.0,0.015256600454702495,0.0019820619631516737,0.013274538491550822,0.07016553997966267,0.004923203000637641,-0.3349384711349827,-0.3484643012197442,0.4265094945246624,-298.775230092302,-0.07528854763701127,0.45986130145038995,,,,,,,,
3,x,287.0,0.003622503251947357,0.0020690660895292725,0.0015534371624180846,0.07015280170926504,0.0049214155876594595,-0.3364885399437879,-0.3462919707885994,0.4252937515716723,-209.57869141782956,-0.07105103395997696,0.4619926409892919,,,,,,,,
3,x,288.0,-0.10169566768354617,0.002159365001735928,-0.1038550326852821,0.07076241684129525,0.005007319637221226,-0.3346449380073102,-0.3476789161055642,0.4484220026437764,-40.46731580576072,-0.04030059503679175,0.37947211802212666,,,,,,,,
3,x,289.0,0.09730991870350379,0.0022527676560343993,0.0950571510474694,0.07144916583490282,0.005104983298503445,-0.3479358148613241,-0.34606602562798966,0.4494205688023576,-90.46284749521264,-0.052915757948835185,0.28899036029578273,,,,,,,,
3,x,290.0,0.004763889614940016,0.002348547579986277,0.0024153420349537387,0.07143904966531671,0.005103537817083588,-0.34415638884103944,-0.34755677244873084,0.4491527890050627,-82.4322594504791,-0.04965636055080405,0.2906615936903206,,,,,,,,
3,x,291.0,-0.08683386189689568,0.002446580680323894,-0.08928044257721958,0.07135635878242486,0.0050917299386861415,-0.33326101306946115,-0.35744578259397375,0.45867643252295465,-89.21334721442378,-0.04816647285238382,0.29876843555022065,,,,,,,,
3,x,292.0,0.1523515200712118,0.0025465762670175986,0.1498049438041942,0.07259017157041679,0.0052693330086225456,-0.3545735789364055,-0.3466614901852447,0.47314293599403734,-3099.2987068925113,0.005967409480289705,0.27045777045831043,,,,,,,,
3,x,293.0,0.042595143976469595,0.0026488532859272737,0.03994629069054232,0.07267918999092428,0.005282264657736868,-0.3330208987915509,-0.3517952334786556,0.4775018611032185,403.438486653008,-0.0008073110861199016,0.2550789802124268,,,,,,,,
3,x,294.0,-0.11429238127928112,0.0027525971182777984,-0.11704497839755892,0.07354986954305114,0.005409583309799841,-0.33682477302467106,-0.37695769129406465,0.48650461874780154,-101.06768943846069,-0.002077574531800742,0.1626692782692291,,,,,,,,
3,x,295.0,0.16958943911364718,0.0028571708575096952,0.1667322682561375,0.07545307826586811,0.005693167019795218,-0.35842648571095753,-0.3527538612295593,0.5117097720418746,98.99664412550558,0.05442254750720166,0.11276025119186915,,,,,,,,
3,x,296.0,-0.08255608111421305,0.0029642846705457493,-0.0855203657847588,0.07567217957392444,0.0057262787614682665,-0.3810511974835827,-0.33105821393001517,0.5064836592796746,139.65576714886632,0.054432721348254665,0.0881295580756688,,,,,,,,
3,x,297.0,-0.11411436189476724,0.0030717682816964243,-0.11718613017646366,0.07633822144804708,0.005827524053851076,-0.3595055859606494,-0.3513215531430752,0.5228991736773305,-2303.2358593140625,0.0448691298437896,0.03268925888233408,,,,,,,,
3,x,298.0,0.1521636146607709,0.003179334307863594,0.1489842803529073,0.07780675118906842,0.0060538905305976,-0.3778185534200468,-0.3641030472231498,0.543556317357026,48.46914545250119,0.05363580820833599,-0.051641481588120694,,,,,,,,
3,x,299.0,0.03360761219739966,0.0032881760043788964,0.030319436193020764,0.07781482295062464,0.0060551466708370595,-0.3641662339400786,-0.36573134655261513,0.5350808712698293,47.653537352887454,0.05291763552273984,-0.0528984858175581,3.6185325783958013e-23,1.0,2.054781131199015e-21,0.006095049834673427,"{'sigma': 0.11989092327366725, 'lam': -3.1415925034405823}","{'sigma': 0.026333765080512217, 'mu': -0.2527853674394027, 'w0': 2.064173631889536, 'delta': 0.9698691207928405, 'psi': 0.1}",{'sigma': 0.03606100053035797},0.0009376999745651412
3,x,300.0,-0.026364685066093997,0.0033969857143527358,-0.029761670780446732,0.07783241812497649,0.006057885311181168,-0.36510378798212606,-0.36630612681432884,0.5344770136164086,70.08991640320612,0.07288452863172187,-0.05375105339910144,,,,,,,,
3,x,301.0,0.15000140213244612,0.003505598469978774,0.14649580366246734,0.0792147640590718,0.006274978844934413,-0.36539611247703524,-0.352134490774194,0.5560973225489142,29.995810866119307,0.07680553320569988,-0.1400202861524986,,,,,,,,
3,x,302.0,-0.1380991737977693,0.003614091326263869,-0.14171326512403315,0.0804780052760096,0.006476709333205428,-0.3862569765205786,-0.34350151340819857,0.542162034764566,69.39814755698832,0.07299573849027578,-0.21287096441072276,,,,,,,,
3,x,303.0,0.08258346058841391,0.003722317003451069,0.07886114358496284,0.08087263615415202,0.006540383278521858,-0.39849205568493684,-0.3181600658648496,0.5353823134862555,41.029783743089155,0.051494359308364206,-0.26125654524794506,,,,,,,,
3,x,304.0,0.08968897942515436,0.0038290936633921953,0.08585988576176216,0.08077667005521479,0.006524870425209032,-0.3782893384571793,-0.3307998239874529,0.5442739980376626,42.586776452041114,0.050834192495672045,-0.2538769048925224,,,,,,,,
3,x,305.0,-0.10737641265935212,0.00393525135319164,-0.11131166401254376,0.08130766328769222,0.006610936109304732,-0.38962251313804425,-0.33909675382074456,0.5574108443164743,57.52086171622271,0.046670122820235256,-0.29251498912611507,,,,,,,,
3,x,306.0,0.1222305683353671,0.004040271804841251,0.11819029653052586,0.08216249950766635,0.006750676325347274,-0.401558421305944,-0.31796041682095966,0.5637019969729112,30.085231872653345,0.027872801306739928,-0.3636368806932091,,,,,,,,
3,x,307.0,-0.04952908032620003,0.0041435018298391565,-0.053672582156039185,0.08232027379118306,0.006776627477055342,-0.4063317247470381,-0.3044012117673612,0.5590545312035677,40.71224847056558,0.05151386951538053,-0.3811087447057413,,,,,,,,
3,x,308.0,0.004469430551219183,0.004245140254201266,0.00022429029701791746,0.08231576864512329,0.006775885767637462,-0.4057874950296203,-0.30225049145154886,0.5543318010371749,42.11867032345375,0.054552322329658266,-0.38029677834395287,,,,,,,,
3,x,309.0,0.11744562218860509,0.004344466945181147,0.11310115524342394,0.08287976475758385,0.006869055406272439,-0.4145608637271921,-0.30480268294043883,0.5710289580286523,22.52663444080215,0.0201001247846224,-0.422838811770693,,,,,,,,
3,x,310.0,-0.12716966563023438,0.004442040519245933,-0.1316117061494803,0.08335832122157713,0.006948609716879637,-0.42381531185838195,-0.2951654294420977,0.5663327568153018,24.842363400796266,0.007605592166942604,-0.4353149615967185,,,,,,,,
3,x,311.0,-0.08199754952468781,0.0045369685335135785,-0.08653451805820139,0.08366159368911226,0.006999262258602108,-0.40534911269609314,-0.30033564887887015,0.5639328068595657,41.89672967443966,0.043806067840503345,-0.46076821178188876,,,,,,,,
3,x,312.0,0.1864420085727645,0.00462953724587491,0.18181247132688957,0.08542250279282407,0.007297003983390037,-0.41140515998555205,-0.32512581002961666,0.5765370396545447,26.344865295819172,0.09344927554159821,-0.45928030983741713,,,,,,,,
3,x,313.0,-0.04611572558373534,0.004719370789717383,-0.05083509637345272,0.08490247398250775,0.007208430088350406,-0.4170912145071322,-0.3190915371890369,0.5895230321970257,22.275152713389605,0.09355043202557004,-0.422423779863473,,,,,,,,
3,x,314.0,-0.17873093047853567,0.00480618106081565,-0.18353711153935132,0.08689438522857408,0.007550634184251833,-0.3934661941076908,-0.35079583136150017,0.5964577780928809,44.93889484658307,0.05449597411865743,-0.4361509328963384,,,,,,,,
3,x,315.0,0.22728336200756422,0.0048900856684965755,0.22239327633906764,0.0897037046791988,0.008046754633172913,-0.42570528553765585,-0.35533994861671914,0.6177636856926607,21.474692379716345,0.1314324341068873,-0.3632256452330241,,,,,,,,
3,x,316.0,-0.004735442012503794,0.004970553205848187,-0.00970599521835198,0.08962517504861046,0.008032672002494067,-0.41991445704888325,-0.34559176770220573,0.6169825376601651,24.257460001583485,0.14812224254689424,-0.35075309103705116,,,,,,,,
3,x,317.0,-0.24142307174842279,0.005047004107716393,-0.24647007585613917,0.09276163597330135,0.008604721108443274,-0.4033215749952336,-0.39182503992112927,0.6382039485840251,149.89323405895829,0.036197309694800735,-0.16049855994756887,,,,,,,,
3,x,318.0,0.20433411624248046,0.005120568640057204,0.19921354760242327,0.09490738589016927,0.009007411896505502,-0.43683490063149044,-0.3856476743312889,0.6573045929869483,37.544548183663345,0.07073959616353794,-0.2096074589457543,,,,,,,,
3,x,319.0,0.041927360468750084,0.005190008715307639,0.03673735175344245,0.09495348166797896,0.009016163680871216,-0.4189302320870094,-0.3815046683401416,0.6561630956587234,35.1583776314591,0.06629310041407618,-0.21544509194249178,0.021820786499780736,0.23547648227919302,0.7427027312210261,0.005508972722037856,"{'sigma': 0.14210933594779335, 'lam': -3.1415919806969836}","{'sigma': 0.2418032601990283, 'mu': -0.9999802062059089, 'w0': 6.328901080133285, 'delta': 1.9999999979895584, 'psi': 0.1}",{'sigma': 0.04317841971635168},0.001573992206296529
3,x,320.0,-0.15079096828204566,0.005254911857919235,-0.1560458801399649,0.09621757140615662,0.009257821047298848,-0.4191932934191881,-0.40282776468224446,0.6681797120342362,95.29607847052279,0.07402540544289564,-0.28540016866662055,,,,,,,,
3,x,321.0,0.04334620331940562,0.005316525495891032,0.03802967782351459,0.09628387944336646,0.009270585440664727,-0.41971319263227186,-0.4013079687460136,0.6613340634309193,60.53656790496889,0.05696537850816638,-0.2944143802251783,,,,,,,,
3,x,322.0,0.11758232071245377,0.005373704984268859,0.11220861572818491,0.09692821947509181,0.009395079730611568,-0.4114105058127831,-0.41184358834586104,0.6611309724529759,37.931668456644644,0.04246168528597666,-0.35056000363185025,,,,,,,,
3,x,323.0,-0.15333601389177373,0.005425922227381611,-0.15876193611915534,0.09818882043527813,0.009641044458471292,-0.4248356969282294,-0.4119539034092051,0.6717469456848673,77.92049111625848,0.03862431691475776,-0.41422898431078864,,,,,,,,
3,x,324.0,0.09667197951283167,0.0054739489755087686,0.09119803053732291,0.09842831933110871,0.009688134046346709,-0.4302331901704653,-0.39511928805236946,0.6719664737204286,34.95532799859907,0.0017265627848053933,-0.43503256913052823,,,,,,,,
3,x,325.0,0.02956290465998806,0.005517620603378628,0.024045284056609433,0.09825472365254279,0.00965399072003755,-0.42935190240366683,-0.3930693903490253,0.6708173060594208,40.02615591680745,0.011336348206581363,-0.4178515658343083,,,,,,,,
3,x,326.0,-0.15753124821736117,0.005557064752064618,-0.16308831296942577,0.09953088760433688,0.009906397587307141,-0.42703531004805073,-0.402207013050611,0.6814972471334877,195.66274754599655,0.025958733985692272,-0.47576219994802343,,,,,,,,
3,x,327.0,0.1752386668504813,0.005591082473685727,0.16964758437679558,0.10096797241263819,0.010194531453119268,-0.4428174535591141,-0.39313169542272286,0.6845746881690788,40.459809144111524,0.016355145382090562,-0.5355998124551986,,,,,,,,
3,x,328.0,0.09410115134713605,0.005620336707567452,0.0884808146395686,0.10135071976645353,0.010271968397178196,-0.41973860792354467,-0.400512646001718,0.6838881690728422,30.697158043090838,-0.0003926863816839794,-0.5681131910963331,,,,,,,,
3,x,329.0,-0.16026817563113901,0.005645483418006695,-0.1659136590491457,0.10266229259413337,0.01053954632068345,-0.42750793186466457,-0.4166859690545493,0.6936390480110615,51.44571086541558,-0.004204209476705117,-0.6217165561658974,,,,,,,,
3,x,330.0,0.0326141111493706,0.005665261361950308,0.026948849787420293,0.10268957765926262,0.010545149359837728,-0.4258620347467016,-0.41238220853765684,0.6887292831100646,42.062295372270256,-0.0163253074557375,-0.6241189638630923,,,,,,,,
3,x,331.0,0.21695154235385347,0.005680430408442375,0.2112711119454111,0.10482556990048031,0.010988400104960484,-0.41223875790983416,-0.43223614515254766,0.6894714976422379,24.018020248695365,0.014010225396294696,-0.6445055749977612,,,,,,,,
3,x,332.0,-0.20021136749442334,0.00569056273080008,-0.2059019302252234,0.1068289759364969,0.011412430099640634,-0.43617491969134586,-0.4310358282973289,0.7059944613253225,51.23244130003523,0.0038093634483117637,-0.672872859871182,,,,,,,,
3,x,333.0,0.06665246157682998,0.005695658644537595,0.06095680293229239,0.10696752055430692,0.011442050453536074,-0.44044429435646826,-0.4092816251090556,0.7059642547264596,43.80029609548361,-0.0037121825843689643,-0.6842761840625663,,,,,,,,
3,x,334.0,0.18471815471548744,,,,,,,,,,,,,,,,,,
3,x,335.0,-0.13509662599237096,,,,,,,,,,,,,,,,,,
3,x,336.0,-0.1355342080171317,,,,,,,,,,,,,,,,,,
3,x,337.0,0.2545805599911021,,,,,,,,,,,,,,,,,,
3,x,338.0,-0.08694342314770383,,,,,,,,,,,,,,,,,,
3,x,339.0,-0.1641550797907517,,,,,,,,,,,,,,,,,,
3,x,340.0,0.16396209732026562,,,,,,,,,,,,,,,,,,
3,x,341.0,0.052057747068489826,,,,,,,,,,,,,,,,,,
3,x,342.0,-0.28841135150963015,,,,,,,,,,,,,,,,,,
3,x,343.0,0.16642673794593052,,,,,,,,,,,,,,,,,,
3,x,344.0,0.07955713189245121,,,,,,,,,,,,,,,,,,
3,x,345.0,-0.18403969362512085,,,,,,,,,,,,,,,,,,
3,x,346.0,-0.011744333354579115,,,,,,,,,,,,,,,,,,
3,x,347.0,0.10363007159789525,,,,,,,,,,,,,,,,,,
3,x,348.0,-0.1489029930110397,,,,,,,,,,,,,,,,,,
3,x,349.0,-0.04335292481061495,,,,,,,,,,,,,,,,,,
3,x,350.0,0.2158858501825775,,,,,,,,,,,,,,,,,,
3,x,351.0,-0.05413149335603166,,,,,,,,,,,,,,,,,,
3,x,352.0,-0.22223634483961416,,,,,,,,,,,,,,,,,,
3,x,353.0,0.17911130541218093,,,,,,,,,,,,,,,,,,
3,x,354.0,0.011586350078533939,,,,,,,,,,,,,,,,,,
3,x,355.0,-0.30058171053825433,,,,,,,,,,,,,,,,,,
3,x,356.0,0.18515032513172022,,,,,,,,,,,,,,,,,,
3,x,357.0,0.20480939795419031,,,,,,,,,,,,,,,,,,
3,x,358.0,-0.2974042017456412,,,,,,,,,,,,,,,,,,
3,x,359.0,0.025772199919643697,,,,,,,,,,,,,,,,,,
3,x,360.0,0.15218639102969694,,,,,,,,,,,,,,,,,,
3,x,361.0,-0.20645768718917368,,,,,,,,,,,,,,,,,,
3,x,362.0,-0.08899106897706535,,,,,,,,,,,,,,,,,,
3,x,363.0,0.32052438541834843,,,,,,,,,,,,,,,,,,
3,x,364.0,-0.18565427878551627,,,,,,,,,,,,,,,,,,
3,x,365.0,-0.36697918961283815,,,,,,,,,,,,,,,,,,
3,x,366.0,0.31827135989355,,,,,,,,,,,,,,,,,,
3,x,367.0,0.09976013198733631,,,,,,,,,,,,,,,,,,
3,x,368.0,-0.4048941847534704,,,,,,,,,,,,,,,,,,
3,x,369.0,0.1247470216503369,,,,,,,,,,,,,,,,,,
3,x,370.0,0.2644427288985471,,,,,,,,,,,,,,,,,,
3,x,371.0,-0.36217581922054876,,,,,,,,,,,,,,,,,,
3,x,372.0,0.07470623862329372,,,,,,,,,,,,,,,,,,
3,x,373.0,0.39721381182836824,,,,,,,,,,,,,,,,,,
3,x,374.0,-0.30517449546679537,,,,,,,,,,,,,,,,,,
3,x,375.0,-0.10864027401045219,,,,,,,,,,,,,,,,,,
3,x,376.0,0.4016511242700629,,,,,,,,,,,,,,,,,,
3,x,377.0,-0.15389067217368269,,,,,,,,,,,,,,,,,,
3,x,378.0,-0.29331328250312355,,,,,,,,,,,,,,,,,,
3,x,379.0,0.41529003703021883,,,,,,,,,,,,,,,,,,
3,x,380.0,-0.1018009552204573,,,,,,,,,,,,,,,,,,
3,x,381.0,-0.30564917138759584,,,,,,,,,,,,,,,,,,
3,x,382.0,0.3402940839269441,,,,,,,,,,,,,,,,,,
3,x,383.0,-0.018383870482078266,,,,,,,,,,,,,,,,,,
3,x,384.0,-0.3142774181404707,,,,,,,,,,,,,,,,,,
3,x,385.0,0.22463888160449808,,,,,,,,,,,,,,,,,,
3,x,386.0,0.017818808264759834,,,,,,,,,,,,,,,,,,
3,x,387.0,-0.3297638044655068,,,,,,,,,,,,,,,,,,
3,x,388.0,0.2804446120884042,,,,,,,,,,,,,,,,,,
3,x,389.0,0.10140171417318919,,,,,,,,,,,,,,,,,,
3,x,390.0,-0.3284979633542936,,,,,,,,,,,,,,,,,,
3,x,391.0,0.19262460219918046,,,,,,,,,,,,,,,,,,
3,x,392.0,0.1466963346843721,,,,,,,,,,,,,,,,,,
3,x,393.0,-0.40066102443109636,,,,,,,,,,,,,,,,,,
3,x,394.0,0.24366246617164414,,,,,,,,,,,,,,,,,,
3,x,395.0,0.19473123779255955,,,,,,,,,,,,,,,,,,
3,x,396.0,-0.45305552150348094,,,,,,,,,,,,,,,,,,
3,x,397.0,0.21642879590437764,,,,,,,,,,,,,,,,,,
3,x,398.0,0.2434506956690057,,,,,,,,,,,,,,,,,,
3,x,399.0,-0.3435764526563525,,,,,,,,,,,,,,,,,,
3,y,0.0,0.01427111670541624,0.006670917889517845,0.007600198815898395,,,,,,,,,,,,,,,,
3,y,1.0,-0.045100288672638565,0.006668780574363844,-0.051769069247002406,,,,,,,,,,,,,,,,
3,y,2.0,0.04477117885290575,0.006664028273392808,0.03810715057951294,,,,,,,,,,,,,,,,
3,y,3.0,0.03566171871308827,0.006657442858094087,0.029004275854994183,,,,,,,,,,,,,,,,
3,y,4.0,0.0240937594573072,0.006649241728142567,0.01744451772916463,,,,,,,,,,,,,,,,
3,y,5.0,-0.02104430010429298,0.006637922717503281,-0.02768222282179626,,,,,,,,,,,,,,,,
3,y,6.0,0.06778380871196757,0.0066248295976132155,0.061158979114354355,,,,,,,,,,,,,,,,
3,y,7.0,0.06595754118904729,0.006609892080136735,0.05934764910891055,,,,,,,,,,,,,,,,
3,y,8.0,-0.017092762911270837,0.006592126562911905,-0.023684889474182742,,,,,,,,,,,,,,,,
3,y,9.0,-0.013390423212082366,0.006572363503443761,-0.019962786715526128,,,,,,,,,,,,,,,,
3,y,10.0,-0.014571373050542881,0.006551020155766767,-0.021122393206309646,,,,,,,,,,,,,,,,
3,y,11.0,-0.11669512880397186,0.006527327438200811,-0.12322245624217266,,,,,,,,,,,,,,,,
3,y,12.0,0.02660229186029089,0.00650175183467199,0.020100540025618903,,,,,,,,,,,,,,,,
3,y,13.0,0.06622171434531464,0.006474514798840281,0.05974719954647436,,,,,,,,,,,,,,,,
3,y,14.0,-0.03313396575042937,0.006444573804981192,-0.03957853955541057,,,,,,,,,,,,,,,,
3,y,15.0,0.00924056974370738,0.006412490169950039,0.00282807957375734,,,,,,,,,,,,,,,,
3,y,16.0,0.0062351663986812385,0.006378625871362792,-0.00014345947268155392,,,,,,,,,,,,,,,,
3,y,17.0,-0.008432040844824636,0.006343066051079386,-0.01477510689590402,,,,,,,,,,,,,,,,
3,y,18.0,-0.005829421754481692,0.0063053809718731585,-0.012134802726354851,,,,,,,,,,,,,,,,
3,y,19.0,0.04981425503102644,0.006265614912378696,0.043548640118647744,,,,,,,,,,,,,,,,
3,y,20.0,-0.010579833438794355,0.006223904534031474,-0.01680373797282583,,,,,,,,,,,,,,,,
3,y,21.0,0.06516162831226012,0.006180652418687934,0.058980975893572186,,,,,,,,,,,,,,,,
3,y,22.0,0.011639883236989855,0.006135511240291491,0.005504371996698364,,,,,,,,,,,,,,,,
3,y,23.0,0.04498832062516136,0.006088567243540287,0.03889975338162107,,,,,,,,,,,,,,,,
3,y,24.0,-0.03857797535616467,0.006039795998541284,-0.04461777135470595,,,,,,,,,,,,,,,,
3,y,25.0,0.024424458071293953,0.005989279867154576,0.018435178204139376,,,,,,,,,,,,,,,,
3,y,26.0,-0.08461794223901054,0.00593725579670928,-0.09055519803571982,,,,,,,,,,,,,,,,
3,y,27.0,0.015166977367397121,0.005883603265453938,0.009283374101943184,,,,,,,,,,,,,,,,
3,y,28.0,-0.03843861925476824,0.005827996297197257,-0.044266615551965496,,,,,,,,,,,,,,,,
3,y,29.0,-0.04176111861937904,0.005771370819271983,-0.04753248943865102,,,,,,,,,,,,,,,,
3,y,30.0,0.08028442750823142,0.005712783052499448,0.07457164445573197,,,,,,,,,,,,,,,,
3,y,31.0,0.09152216201765671,0.005652589559986538,0.08586957245767017,,,,,,,,,,,,,,,,
3,y,32.0,-0.018663796368153542,0.005590802477623036,-0.02425459884577658,,,,,,,,,,,,,,,,
3,y,33.0,-0.051014485631922214,0.005528601425034249,-0.056543087056956466,,,,,,,,,,,,,,,,
3,y,34.0,0.02833871317594523,0.005464466339706301,0.022874246836238926,,,,,,,,,,,,,,,,
3,y,35.0,0.0437860372365016,0.005398650825599753,0.03838738641090185,,,,,,,,,,,,,,,,
3,y,36.0,0.04296060264487114,0.005332326120534042,0.037628276524337104,,,,,,,,,,,,,,,,
3,y,37.0,0.046868646497309804,0.005263916411696641,0.04160473008561316,,,,,,,,,,,,,,,,
3,y,38.0,0.057224978400475975,0.005194571760550583,0.05203040663992539,,,,,,,,,,,,,,,,
3,y,39.0,-0.031382395191041565,0.005124542626528639,-0.0365069378175702,,,,,,,,,,,,,,,,
3,y,40.0,0.024683386036047632,0.005052944757606834,0.019630441278440797,,,,,,,,,,,,,,,,
3,y,41.0,0.0254945884937514,0.004980169862348234,0.020514418631403165,,,,,,,,,,,,,,,,
3,y,42.0,0.013098052310703632,0.004906381012288758,0.008191671298414874,,,,,,,,,,,,,,,,
3,y,43.0,-0.0200527863490872,0.004832034229870011,-0.02488482057895721,,,,,,,,,,,,,,,,
3,y,44.0,-0.007553607979996468,0.004756126492026516,-0.012309734472022984,,,,,,,,,,,,,,,,
3,y,45.0,0.014070592553356657,0.004679962900217403,0.009390629653139254,,,,,,,,,,,,,,,,
3,y,46.0,-0.042051755888669065,0.004602929276304122,-0.04665468516497319,,,,,,,,,,,,,,,,
3,y,47.0,-0.02491250704048332,0.004524065270804611,-0.02943657231128793,,,,,,,,,,,,,,,,
3,y,48.0,0.0014932247017326002,0.004445043888815894,-0.002951819187083294,,,,,,,,,,,,,,,,
3,y,49.0,-0.06515263842435318,0.004365772717627317,-0.0695184111419805,,,,,,,,,,,,,,,,
3,y,50.0,0.09549168318153374,0.00428508708683982,0.09120659609469392,,,,,,,,,,,,,,,,
3,y,51.0,-0.027840740748986667,0.004204280065748368,-0.03204502081473504,,,,,,,,,,,,,,,,
3,y,52.0,0.035686669345743695,0.004122400958175568,0.03156426838756812,,,,,,,,,,,,,,,,
3,y,53.0,-0.038372590899031014,0.004040314024380818,-0.042412904923411834,,,,,,,,,,,,,,,,
3,y,54.0,-0.004696669461524412,0.003956862343711243,-0.008653531805235655,,,,,,,,,,,,,,,,
3,y,55.0,0.05102644424199947,0.003873878761975922,0.04715256548002355,,,,,,,,,,,,,,,,
3,y,56.0,-0.028053692033472348,0.0037900137064053193,-0.031843705739877666,,,,,,,,,,,,,,,,
3,y,57.0,-0.03232176934599183,0.0037058889076063434,-0.036027658253598174,,,,,,,,,,,,,,,,
3,y,58.0,-0.020725056390302327,0.0036212067328928645,-0.02434626312319519,,,,,,,,,,,,,,,,
3,y,59.0,0.0013365416914276292,0.003536381744329904,-0.002199840052902275,,,,,,,,,,,,,,,,
3,y,60.0,0.02521156071105543,0.0034506959351237134,0.021760864775931716,,,,,,,,,,,,,,,,
3,y,61.0,0.0018581486655991097,0.0033655591369496692,-0.0015074104713505595,,,,,,,,,,,,,,,,
3,y,62.0,-0.03174556687862119,0.0032801411197100694,-0.03502570799833126,,,,,,,,,,,,,,,,
3,y,63.0,0.04049598081767846,0.00319419130919562,0.03730178950848284,,,,,,,,,,,,,,,,
3,y,64.0,-0.047636789599895674,0.0031082719767035125,-0.050745061576599186,,,,,,,,,,,,,,,,
3,y,65.0,0.012441865159139174,0.0030220451255391968,0.009419820033599978,,,,,,,,,,,,,,,,
3,y,66.0,-0.008217523185076113,0.002936095684985747,-0.01115361887006186,,,,,,,,,,,,,,,,
3,y,67.0,0.009504537369016236,0.0028501805573812413,0.0066543568116349955,,,,,,,,,,,,,,,,
3,y,68.0,-0.00587578579064225,0.0027644870283389414,-0.008640272818981191,,,,,,,,,,,,,,,,
3,y,69.0,0.008668642274076668,0.002678504572067061,0.005990137702009607,,,,,,,,,,,,,,,,
3,y,70.0,0.01701453332599248,0.0025934311877193273,0.014421102138273155,,,,,,,,,,,,,,,,
3,y,71.0,-0.00639173685452481,0.002508200707226675,-0.008899937561751486,,,,,,,,,,,,,,,,
3,y,72.0,0.0433981506529115,0.002423240117199919,0.04097491053571158,,,,,,,,,,,,,,,,
3,y,73.0,-0.027904481423848056,0.00233885652868805,-0.030243337952536108,,,,,,,,,,,,,,,,
3,y,74.0,0.07634592882851808,0.0022547411533720527,0.07409118767514603,,,,,,,,,,,,,,,,
3,y,75.0,0.0038766144769653206,0.002171358705027376,0.0017052557719379447,,,,,,,,,,,,,,,,
3,y,76.0,-0.03937943546904604,0.0020884538784271154,-0.041467889347473155,,,,,,,,,,,,,,,,
3,y,77.0,0.041397423696386215,0.0020057820835740923,0.039391641612812126,,,,,,,,,,,,,,,,
3,y,78.0,0.07188993572593778,0.0019247371212161768,0.06996519860472161,,,,,,,,,,,,,,,,
3,y,79.0,-0.07480215648228529,0.0018437484405480554,-0.07664590492283334,,,,,,,,,,,,,,,,
3,y,80.0,0.10245331360948406,0.00176378673642106,0.100689526873063,,,,,,,,,,,,,,,,
3,y,81.0,-0.04091121241930283,0.0016851038963032197,-0.04259631631560605,,,,,,,,,,,,,,,,
3,y,82.0,0.0327249334963092,0.0016068745648286592,0.03111805893148054,,,,,,,,,,,,,,,,
3,y,83.0,-0.02453326714681114,0.0015302647471405538,-0.026063531893951695,,,,,,,,,,,,,,,,
3,y,84.0,0.012071242272416934,0.0014545708612558373,0.010616671411161096,,,,,,,,,,,,,,,,
3,y,85.0,-0.07135513681739546,0.0013802853088863715,-0.07273542212628183,,,,,,,,,,,,,,,,
3,y,86.0,0.0649148418226768,0.0013073134301358935,0.06360752839254091,,,,,,,,,,,,,,,,
3,y,87.0,0.02307147466232528,0.0012358211059395258,0.021835653556385753,,,,,,,,,,,,,,,,
3,y,88.0,-0.06955547608707267,0.0011657209633205445,-0.07072119705039322,,,,,,,,,,,,,,,,
3,y,89.0,-0.03078411944669344,0.0010974004510202412,-0.031881519897713685,,,,,,,,,,,,,,,,
3,y,90.0,0.047138701823288956,0.0010305505267074076,0.04610815129658155,,,,,,,,,,,,,,,,
3,y,91.0,-0.06324267674734052,0.0009656311353130674,-0.06420830788265358,,,,,,,,,,,,,,,,
3,y,92.0,0.03244792806788861,0.0009026962165728555,0.031545231851315754,,,,,,,,,,,,,,,,
3,y,93.0,0.1066544171441864,0.0008415252530604909,0.10581289189112592,,,,,,,,,,,,,,,,
3,y,94.0,-0.020760790656899786,0.0007827298325520818,-0.021543520489451868,,,,,,,,,,,,,,,,
3,y,95.0,-0.05113127833482199,0.0007259324038362784,-0.05185721073865827,,,,,,,,,,,,,,,,
3,y,96.0,0.029126568959339044,0.0006711371505124116,0.028455431808826634,,,,,,,,,,,,,,,,
3,y,97.0,-0.011697407568419624,0.000618540114091105,-0.01231594768251073,,,,,,,,,,,,,,,,
3,y,98.0,-0.028727590216039184,0.0005685974494776462,-0.02929618766551683,,,,,,,,,,,,,,,,
3,y,99.0,0.016289950465778642,0.0005209917673966275,0.015768958698382015,0.044080256767686996,0.0019430690367052152,-0.24404516567118512,-0.06723269130526606,0.05747784532859962,9.038660625063706,0.0492183787722276,-0.11585518094681493,2.2246212604917885e-11,0.9999999128120951,8.716565855986679e-08,0.0010487651586742696,"{'sigma': 0.06940749919634934, 'lam': -3.1415920441141414}","{'sigma': 0.06501447600024068, 'mu': -0.5509047563594602, 'w0': 4.384850617912728, 'delta': 1.999991216534208, 'psi': 0.1}",{'sigma': 0.021113571443802874},0.00020975303173485392
3,y,100.0,-0.0023751245207443697,0.0004763338586852011,-0.0028514583794295705,0.044076405192798346,0.001942729494719741,-0.24410592797019126,-0.06802936438313306,0.05684660688935512,9.357263578190908,0.05644675934416475,-0.11429825630216506,,,,,,,,
3,y,101.0,-0.004179333415301932,0.00043453924239910953,-0.004613872657701042,0.043760354798996676,0.0019149686521340715,-0.23628480981264943,-0.06112865336681645,0.06274698087873636,8.547604902549539,0.04245258282046058,-0.05215407320968604,,,,,,,,
3,y,102.0,0.005750529942969342,0.0003945420526246899,0.005355987890344653,0.043603511921034406,0.0019012662518477898,-0.24334843865782224,-0.06484514434091461,0.06903657417874146,9.219675248399396,0.059657339839285485,-0.012173763026407922,,,,,,,,
3,y,103.0,0.053052543496310764,0.0003574829131878524,0.05269506058312291,0.04382179385057944,0.001920349616282682,-0.24351663399218637,-0.06183303890976743,0.059179346602920464,8.937193261269838,0.05654995546234317,-0.055375649049916785,,,,,,,,
3,y,104.0,-0.020778887438369892,0.0003237974409613409,-0.021102684879331233,0.043846055351381585,0.0019224765698764175,-0.24569458002374367,-0.06847149648327608,0.05486050330834846,9.842916595104525,0.08149773172113163,-0.05910464646217621,,,,,,,,
3,y,105.0,-0.056137774729948894,0.00029262279602284603,-0.05643039752597174,0.04412743174644806,0.0019472302325374317,-0.23039049631148362,-0.0747169233601061,0.049588666479627654,10.753228763144376,0.08025901940418562,-0.10551160082509783,,,,,,,,
3,y,106.0,0.0012288777723111167,0.0002646789677699193,0.0009641988045411974,0.04369902488402574,0.0019096047758147008,-0.25274009547242504,-0.06815925659274301,0.05654787882399528,12.710241606819155,0.09713865320212832,-0.022309003217063895,,,,,,,,
3,y,107.0,-0.08283398350733151,0.00023983831826198467,-0.08307382182559349,0.04405871827134271,0.0019411706557135476,-0.24445552610828641,-0.03651017921259609,0.07194787589828416,22.592125764245555,0.09970239213507773,-0.0158912265502829,,,,,,,,
3,y,108.0,-0.00734993445424325,0.000217814356581918,-0.0075677488108251674,0.04400657698822399,0.0019365788182204849,-0.24018073122937678,-0.03910150159568486,0.060800081672245224,21.491694083044425,0.09012200589380127,-0.0034179966897786547,,,,,,,,
3,y,109.0,0.055106246148259756,0.00019838530380202144,0.054907860844457736,0.04432406850832342,0.0019646230491305477,-0.24246336904903057,-0.07689013203663314,0.06296562264460456,16.220621294031957,0.05841675095707565,-0.06921532284741241,,,,,,,,
3,y,110.0,0.02433120737986019,0.00018273687397901505,0.024148470505881175,0.044344500962996705,0.0019664347656572156,-0.25668338013286907,-0.07565029840488047,0.05836047409075309,14.20569124572559,0.029903091737564343,-0.07614676975761306,,,,,,,,
3,y,111.0,-0.053414521504900725,0.00016971843465987736,-0.0535842399395606,0.042917549474783656,0.0018419160529205031,-0.25895288999660193,-0.05388596979711691,0.0351111473961767,11.431245430812737,0.20603912372957106,-0.3680414275217247,,,,,,,,
3,y,112.0,-0.007520618238117469,0.00016011023539928208,-0.007680728473516751,0.04287899388832001,0.001838608116874585,-0.26383022358841374,-0.05079541245922252,0.03218043257343737,12.562776798312136,0.22536764013371613,-0.35287215853958676,,,,,,,,
3,y,113.0,-0.031927259239579106,0.00015278336383139793,-0.032080042603410505,0.04257255113648259,0.0018124221102684252,-0.25230686969338334,-0.04212685434458378,0.028047127323284345,17.50740465599225,0.2635873722683032,-0.29000938502800283,,,,,,,,
3,y,114.0,0.030575019034493552,0.00014956586034563552,0.030425453174147916,0.04250297851262425,0.001806503182444599,-0.25680199230485956,-0.04346638396942426,0.01537888774112927,13.850130706298597,0.22638746392146172,-0.29324893632206867,,,,,,,,
3,y,115.0,0.014120843062163282,0.00014932959903226674,0.013971513463131016,0.04252517940285411,0.0018083908832449273,-0.25359995135922936,-0.04557742356436121,0.014977353240578958,13.64044140959876,0.21837694958110018,-0.301391993852304,,,,,,,,
3,y,116.0,0.038250641904319926,0.00015192792520472842,0.0380987139791152,0.042694852791531894,0.001822850454890579,-0.24969383650620927,-0.03886749811262558,0.00817513398953924,12.419469459153577,0.19564682294835073,-0.34656143980301746,,,,,,,,
3,y,117.0,-0.12080307031547774,0.00015807971373226908,-0.12096115002921001,0.04436520391394057,0.0019682713183255276,-0.2647962378237487,-0.04312093874374008,-0.013361860948575922,19.17230682076582,0.03681100026609389,-0.1355517830685963,,,,,,,,
3,y,118.0,-0.002029819308560076,0.0001674019171886735,-0.0021972212257487496,0.044350253779793125,0.001966945010332054,-0.2523331667012315,-0.044346797421301425,-0.009530935571627836,18.856229091812843,0.030169353925868253,-0.1319243914958082,,,,,,,,
3,y,119.0,0.026254998646520804,0.00017968893204919792,0.026075309714471605,0.04420911311540875,0.0019544456824510063,-0.24982812348817376,-0.07395756238599634,-0.005499493899642903,20.888542524462764,0.034597804402017054,-0.10264117243841078,3.8014074557135127e-07,0.9990195557021537,0.0009800641571006247,0.0005808627837268576,"{'sigma': 0.06813999598127032, 'lam': -3.141592264240547}","{'sigma': 0.08080885241321978, 'mu': -0.688440186058582, 'w0': 4.979984632012345, 'delta': 1.9997361751678262, 'psi': 0.1}",{'sigma': 0.02058809123271924},0.00017872701037749454
3,y,120.0,-0.028461300839681243,0.00019501310731271217,-0.028656313946993955,0.04426861395723061,0.0019597101816943127,-0.2502256775100672,-0.07311274019115539,0.015381633567410482,22.846971037695475,0.04055208015383431,-0.11675793951299207,,,,,,,,
3,y,121.0,-0.09582858852069327,0.00021302562831525547,-0.09604161414900853,0.04486424190523095,0.002012800201731081,-0.23534508726388745,-0.0981554946672818,0.029051455484990597,136.90144661050923,0.021788803010027814,-0.09207351202790624,,,,,,,,
3,y,122.0,0.018996464894109222,0.00023451093342561702,0.018761953960683603,0.044907264102496916,0.002016662369171408,-0.24246232865390463,-0.099834344506058,0.03127015108202562,111.91066714331555,0.013705080722891434,-0.10326676113437133,,,,,,,,
3,y,123.0,0.0451966519875755,0.00025906142516582534,0.044937590562409674,0.044967128684014264,0.0020220426620846986,-0.22903979635134017,-0.12415252850904837,0.04410602805258163,111.48107579540978,0.013546734823254986,-0.11376648618120848,,,,,,,,
3,y,124.0,-0.0006956521775372648,0.00028611928236835617,-0.000981771459905621,0.04476221607173552,0.002003655987652738,-0.22449291202028215,-0.14650567000495798,0.045556464312843166,57.2271964557976,-0.007313617762878866,-0.06783110982636666,,,,,,,,
3,y,125.0,0.07146515732895903,0.0003161689377370844,0.07114898839122194,0.04530906646038689,0.0020529115035117563,-0.21678608978012792,-0.12778954007537247,0.05767454337821571,36.17226608480929,-0.0006937079002546171,-0.14069499695475277,,,,,,,,
3,y,126.0,0.0695818634995621,0.0003492586220001369,0.06923260487756196,0.04494197445935622,0.002019781068305427,-0.18621251339072276,-0.14975041903114616,0.05256548983401823,16.0817810482916,0.011090854962983258,-0.15575124132728607,,,,,,,,
3,y,127.0,-0.005354948458812724,0.0003842249971364219,-0.005739173455949146,0.04493709111437361,0.002019342157821516,-0.18500453970816397,-0.14865403085412918,0.04929793556301027,17.354448795220016,0.02122234179245052,-0.15426261603975647,,,,,,,,
3,y,128.0,0.012900119499901514,0.0004219249654558461,0.012478194534445668,0.04472704960477632,0.0020005089663481215,-0.19838080045054612,-0.1286293611515463,0.07454157802188029,14.415257890247592,-0.006943392114653113,-0.10980020580395171,,,,,,,,
3,y,129.0,0.05954924616668534,0.00046244434909476287,0.05908680181759057,0.044833491117646056,0.002010041925796048,-0.17885207552573876,-0.1110726290277398,0.08856701325703234,10.892858007859259,-0.044151782278900105,-0.12115983050508751,,,,,,,,
3,y,130.0,-0.08715157031048759,0.000504982314092032,-0.08765655262457962,0.045110987350531435,0.002035001179739807,-0.2382268542704366,-0.10652242472067779,0.11385393704768089,18.47674202223638,-0.05692907740769595,-0.11614084613746373,,,,,,,,
3,y,131.0,-0.010950428168392128,0.0005502437656159843,-0.011500671934008113,0.04428785930735585,0.001961414482028146,-0.222804306291416,-0.08643566511818111,0.10491282249024801,31.259621874216705,-0.06748370900912036,-0.04761344544893334,,,,,,,,
3,y,132.0,0.0556381495937425,0.0005973049632741784,0.05504084463046832,0.044571043754021204,0.0019865779413228723,-0.23321985735878212,-0.10629478440177736,0.1258622768422136,20.636703611567842,-0.09898092220622909,-0.09352220709068006,,,,,,,,
3,y,133.0,-0.03735203003211572,0.0006467143871042864,-0.03799874441922001,0.044371200883623126,0.0019688034678548376,-0.23704105257898436,-0.09360696080233447,0.15305871215040492,19.32190741826454,-0.09821225912100381,-0.06016099199042027,,,,,,,,
3,y,134.0,-0.028314409795459638,0.0006983207128255998,-0.029012730508285237,0.044407526908714634,0.001972028446148214,-0.23568183545893462,-0.10571656497670773,0.15020008543447502,25.670751749638463,-0.06651590357337668,-0.07287272143063035,,,,,,,,
3,y,135.0,-0.01881569827726263,0.0007516539427834625,-0.019567352220046092,0.04427614248389152,0.001960376793253864,-0.24174157157391318,-0.11111527887961889,0.13454623087685955,40.109899050960976,-0.034744165854629305,-0.045686723689669424,,,,,,,,
3,y,136.0,-0.04459621104429982,0.000805966773217408,-0.04540217781751722,0.04432612556051977,0.001964805407206964,-0.24685857607377387,-0.116079978408898,0.14970678159269793,194.15517842511235,0.0055107831173411,-0.056327402116669714,,,,,,,,
3,y,137.0,-0.01423829061940212,0.0008623565735384708,-0.01510064719294059,0.04412930698832312,0.0019473957352696637,-0.2580771142550183,-0.1079500975746992,0.14711954740967384,-115.29031897793678,0.03491771155265299,-0.010796225297210162,,,,,,,,
3,y,138.0,0.0674846504982754,0.0009202721849578357,0.06656437831331756,0.04433327752053586,0.0019654394957128504,-0.2523829509506786,-0.1287809486298303,0.13355831015329886,-158.237014311531,0.04401735784383668,-0.029657383301085704,,,,,,,,
3,y,139.0,-0.050708687101978275,0.0009785324925560106,-0.05168721959453429,0.044478091056183985,0.001978300584002194,-0.26250211812133795,-0.12120507306549705,0.1455112657253358,-93.94801546626407,0.04451805675432719,-0.056049330528057335,0.0001157158705413345,0.933751585178627,0.06613269895083161,0.0014805845891524073,"{'sigma': 0.07419700690879405, 'lam': -3.141591887143626}","{'sigma': 0.09710780728182455, 'mu': -0.9999823216128769, 'w0': 5.2483428368944685, 'delta': 0.9194325971819655, 'psi': 0.1}",{'sigma': 0.022274292266558172},0.0002467640981920679
3,y,140.0,0.00769743114167038,0.0010388232822243163,0.006658607859446063,0.044432568679567165,0.001974253159464453,-0.2663619487170936,-0.11777890401746735,0.14775022743415786,-69.07054740298561,0.05244640305569746,-0.04361285443111821,,,,,,,,
3,y,141.0,0.06913760151456863,0.0010996618105994392,0.0680379397039692,0.04493110302562565,0.002018804019099386,-0.26136938822131756,-0.13087082545767517,0.1702487213615908,-217.202828442204,0.05663195755013225,-0.11595471866390034,,,,,,,,
3,y,142.0,-0.05314670114808602,0.0011607441589759964,-0.05430744530706202,0.04522318349101519,0.0020451363250620284,-0.27385245920029716,-0.13192696188681832,0.18051553932590353,-52.021932085004444,0.08168646768486112,-0.16929738212390277,,,,,,,,
3,y,143.0,-0.019219529114295145,0.0012234207335651607,-0.020442949847860305,0.04520316656880144,0.002043326267846808,-0.26864742658200846,-0.13540873125305974,0.1755661651546337,-52.50215328293773,0.0793930836338456,-0.16482427203205688,,,,,,,,
3,y,144.0,0.051545189574991004,0.0012868472419386209,0.05025834233305238,0.045497660168319284,0.0020700370807918674,-0.2708756684947162,-0.15007706445935506,0.18932194089027882,-168.5164632599254,0.051909301927194215,-0.22474836949237068,,,,,,,,
3,y,145.0,0.02074475989340907,0.0013495608357008298,0.01939519905770824,0.045533600958111216,0.0020733088162125067,-0.26223734023268264,-0.15035649815046384,0.1826968440222601,-224.03005390706906,0.04595172456183742,-0.2337768293030336,,,,,,,,
3,y,146.0,0.04196883111665149,0.0014136968524267796,0.04055513426422471,0.04549990524056686,0.0020702413769005633,-0.2646900334805258,-0.13931488089702268,0.1657242934584948,71.43311736541325,0.005565231830515965,-0.23025318596989935,,,,,,,,
3,y,147.0,0.03760608463435296,0.0014770271689031867,0.03612905746544977,0.045556506987116774,0.0020753953288672193,-0.2562041036424806,-0.14667645500933688,0.1903578359680825,36.09453842510522,-0.03045282936930146,-0.24093761320116566,,,,,,,,
3,y,148.0,-0.07205779045349504,0.0015399789533245643,-0.07359776940681961,0.04614333037590812,0.002129206938180205,-0.26890333579214976,-0.1612638844767651,0.18026543208356965,87.61936959721042,-0.023885426760835243,-0.317658501984901,,,,,,,,
3,y,149.0,-0.04656142955682894,0.0016028888439564792,-0.048164318400785416,0.0458712909869409,0.0021041753368086055,-0.22413656685537697,-0.1813701870808799,0.18288668790292298,64.37660400830774,-0.015355779795108614,-0.29266477748229214,,,,,,,,
3,y,150.0,-0.014296868207077788,0.0016652582691352336,-0.01596212647621302,0.04494469000205138,0.0020200251593804975,-0.21053457616298185,-0.19315910706721545,0.20341831769752658,-116.63659481388414,-0.03188303640557683,-0.24886959173884407,,,,,,,,
3,y,151.0,-0.04684408591404201,0.0017267292074551557,-0.04857081512149716,0.04508724600958068,0.002032859752728449,-0.201877295781771,-0.18754291173647222,0.21629485544510177,-78.36177204514274,-0.02876327268812902,-0.2749270913211687,,,,,,,,
3,y,152.0,0.06377116086455334,0.0017872387911081135,0.061983922073445226,0.04541703630390032,0.0020627071866298,-0.20816872888126056,-0.18949055272652243,0.1916893894400846,-154.20274772049422,-0.02403731074116603,-0.31655555331471114,,,,,,,,
3,y,153.0,-0.014493657215292437,0.0018475080397348043,-0.01634116525502724,0.04525517413097355,0.0020480307856247373,-0.21306122219349657,-0.17686743524078424,0.18756125905566884,-811.9162166307177,-0.03474897265683248,-0.2829468361311497,,,,,,,,
3,y,154.0,-0.016553727989910255,0.0019060325507398443,-0.0184597605406501,0.045281706547157165,0.002050432947822856,-0.21103736526273956,-0.18174490842135757,0.18977163652194762,-259.7779009191317,-0.02856875511323947,-0.2896049662610238,,,,,,,,
3,y,155.0,0.007890186438560667,0.0019631094745092346,0.005927076964051432,0.04502138702114334,0.0020269252893075737,-0.20590579639014187,-0.1753583326945809,0.19717226825405285,-74.3329646687855,-0.013980912081120808,-0.23987203715254057,,,,,,,,
3,y,156.0,0.014063406562386372,0.0020192865486266033,0.01204412001375977,0.04494030570264524,0.002019631076647208,-0.21158589270053105,-0.18042402542791733,0.19627670610036035,-243.5777023588549,-0.04059432761376869,-0.22020013090506765,,,,,,,,
3,y,157.0,-0.03171383399707683,0.0020735827767426065,-0.03378741677381943,0.04492345180278751,0.002018116521877373,-0.21808757387189734,-0.18187339311348535,0.20325278616589085,-251.78265893554112,-0.04131114878873349,-0.21668728276148874,,,,,,,,
3,y,158.0,0.027149734997895907,0.002125942425742015,0.02502379257215389,0.04494035409996827,0.002019635426630535,-0.2218260299516014,-0.17755756191789396,0.2040617560582385,149.63839085308686,-0.07142655602519149,-0.21795022839692405,,,,,,,,
3,y,159.0,0.041453590503842695,0.0021774863671219277,0.039276104136720766,0.04511961963575857,0.0020357800760755305,-0.21549596287584716,-0.18295243912055162,0.2061470987116775,64.31906199902683,-0.09142210469830742,-0.2536384729514676,2.018421947822188e-08,0.999997413809423,2.566006357569489e-06,0.0010883313073585799,"{'sigma': 0.07933140228752161, 'lam': -3.141591694290392}","{'sigma': 0.012883891582722073, 'mu': -0.19693814664212472, 'w0': 2.002142166492424, 'delta': 1.149599535324655, 'psi': 0.1}",{'sigma': 0.023607302027398656},0.00033487117149494746
3,y,160.0,0.02092639215094161,0.0022260254501310357,0.018700366700810572,0.04510538769933521,0.00203449599950734,-0.2107539700589534,-0.176776975252589,0.19890983687581282,68.48207482997725,-0.08987652294682708,-0.2505952601042643,,,,,,,,
3,y,161.0,-0.043225987168219876,0.0022730154399402893,-0.045499002608160165,0.04532876223482921,0.002054696685741679,-0.21457657139645764,-0.18469172000250217,0.19281137650194147,218.13248877103942,-0.06889227673507749,-0.29922347762222,,,,,,,,
3,y,162.0,-0.0456695502624232,0.00231825532228829,-0.04798780558471149,0.045445447038417006,0.0020652886565215647,-0.19683335703650787,-0.19826448841527794,0.18389709528490025,662.8181390971054,-0.06670061652183693,-0.31975439949037676,,,,,,,,
3,y,163.0,0.053097283856851175,0.002360244331033795,0.05073703952581738,0.045579851378861225,0.0020775228517190773,-0.1989307719227929,-0.2101054057802053,0.19009491313363627,234.25096420156956,-0.06612942732290374,-0.3390003963369126,,,,,,,,
3,y,164.0,-0.029090956443548387,0.002399849827217032,-0.03149080627076542,0.045407884699718404,0.002061875992902921,-0.2037744356352708,-0.20523115181772958,0.1986341922792043,119.48332208726444,-0.06942716121445351,-0.30921811161851454,,,,,,,,
3,y,165.0,0.011538622614684108,0.0024369172622999606,0.009101705352384148,0.045407172932767526,0.002061811353746256,-0.20433691227829698,-0.2017872224539649,0.19565597862999679,122.39034086003115,-0.06922658893214077,-0.30906705473478435,,,,,,,,
3,y,166.0,-0.07471103311806104,0.0024704074486386726,-0.07718144056669972,0.04603498803112987,0.00211922012302627,-0.20478391554874972,-0.187652569531954,0.17309861252899464,-156.61771697331855,-0.06948749117261556,-0.38200913553939786,,,,,,,,
3,y,167.0,0.18689537515070698,0.002502743094423142,0.18439263205628384,0.049641336749268294,0.002464262314254255,-0.2492260205570811,-0.16601496585742778,0.1341214123815651,33.54198334293392,0.3757756388492514,0.9562598183742168,,,,,,,,
3,y,168.0,0.019393616849936637,0.0025317764418002603,0.01686184040813638,0.04966035204585712,0.0024661505653184655,-0.21839588964950846,-0.1687874377734949,0.1344645067676405,28.661167915618275,0.3600652553217734,0.942312791776337,,,,,,,,
3,y,169.0,-0.05892259038537201,0.002557226627256603,-0.06147981701262861,0.05004287188438563,0.002504289026437034,-0.22113046976996015,-0.20145401243844538,0.15134090794597702,47.35509648478011,0.37348186195251476,0.8655210289515957,,,,,,,,
3,y,170.0,0.1099597926575322,0.0025805550665696686,0.10737923759096253,0.05116613957119349,0.0026179738386188523,-0.24016221205714972,-0.19277268932881308,0.2186812839800934,25.760683461266744,0.38910201810014267,0.7065336085737646,,,,,,,,
3,y,171.0,-0.10540597172845537,0.0026004923730547575,-0.10800646410151013,0.05230364985003128,0.0027356717876346774,-0.2728365068291945,-0.16266497285458525,0.21169171773519627,52.51011249877401,0.3294786595874104,0.6115201592779201,,,,,,,,
3,y,172.0,0.014332006077552759,0.0026173746317689683,0.011714631445783791,0.05215281498437621,0.0027199161107945755,-0.26839915715760654,-0.1678094077744808,0.20722370980783533,73.93297475710315,0.34458394107827883,0.6582894828834291,,,,,,,,
3,y,173.0,0.06347694890971234,0.0026315551818655693,0.06084539372784677,0.05242206615138565,0.002748073019580253,-0.2586158782876297,-0.1878263174201583,0.22253417407253123,32.37486814726973,0.30447692619786937,0.5767985552891985,,,,,,,,
3,y,174.0,-0.029596582437623704,0.0026422375873357508,-0.03223882002495945,0.051989978008308575,0.0027029578133044093,-0.2668648557651704,-0.1798435627484507,0.22208139981774808,92.8730986228958,0.3429002700020481,0.6853617432032719,,,,,,,,
3,y,175.0,0.06234952440562457,0.002650046780644543,0.05969947762498003,0.05233833544329557,0.0027393013569749288,-0.27218401968998807,-0.16448182581096354,0.22477678338350085,45.729308116986054,0.31794482010662184,0.5892285766155668,,,,,,,,
3,y,176.0,-0.016933670208478323,0.002655127693566464,-0.019588797902044788,0.0522089248530288,0.0027257718343092078,-0.2701581460123677,-0.15284252715406924,0.20977823785598954,38.13702498615721,0.3120983532007459,0.6162666303984847,,,,,,,,
3,y,177.0,0.011253885461836342,0.002656334712645071,0.00859755074919127,0.05206599254397292,0.0027108675795890435,-0.28433217679188066,-0.14042691168865895,0.19741293160406373,48.77160476688417,0.32842564195120877,0.6615924708636497,,,,,,,,
3,y,178.0,-0.04467766826379748,0.002654616479768653,-0.047332284743566135,0.05179173682030888,0.002682384002864139,-0.2700928698340354,-0.16835668317688962,0.19829926073324358,-527.7934930412137,0.36966609731138494,0.7447863510662477,,,,,,,,
3,y,179.0,0.058365283280365506,0.00265094006854301,0.0557143432118225,0.05153716544665588,0.002656079422275981,-0.25595591734274836,-0.1801188363200245,0.20487397645521147,41.77970001782261,0.3427016512858509,0.7473273483182541,0.006798459454865117,0.022499595449902217,0.9707019450952326,0.0015056532081696528,"{'sigma': 0.07953079581694301, 'lam': -3.141592624680515}","{'sigma': 0.12628401072519368, 'mu': -0.9999947620682734, 'w0': 6.328964094194038, 'delta': 1.9999999999147222, 'psi': 0.1}",{'sigma': 0.023215216936962074},0.0002509422013616088
3,y,180.0,0.020532661014877416,0.002642911358640284,0.01788974965623713,0.05055954550586019,0.002556267641759147,-0.23922122943126828,-0.19961657159161786,0.22021684872066366,122.02456330160392,0.33222940079065255,0.9056142101262523,,,,,,,,
3,y,181.0,-0.15544239808541382,0.002632086793947209,-0.15807448487936104,0.052793357542771764,0.0027871386006389364,-0.23529836590243983,-0.22795482711176923,0.23969647412340297,-72.22342521188595,0.09137006127128063,1.117047966118917,,,,,,,,
3,y,182.0,0.06279008936866808,0.002619926121155117,0.06017016324751296,0.05305644639251626,0.002814986503801952,-0.25600552606963123,-0.22388263314923895,0.2613634312295965,-123.29498150025815,0.08730254974774874,1.0505261480941277,,,,,,,,
3,y,183.0,0.058913712692456446,0.002603372243301178,0.05631034044915527,0.05331255758556658,0.002842228796314352,-0.23929290359338326,-0.25363742753375834,0.272299590213193,131.91326145060276,0.052986757734798724,0.9810741461480088,,,,,,,,
3,y,184.0,-0.05146708077488362,0.0025842733705610556,-0.05405135414544468,0.053563862964389954,0.002869087415667946,-0.2468284223132253,-0.2673816769356243,0.287990353693214,-231.64289330790464,0.07899615444332773,0.9186282635820902,,,,,,,,
3,y,185.0,0.06368149240219861,0.002563178357117214,0.0611183140450814,0.053437604896121024,0.0028555776170339376,-0.2432097218464051,-0.2478278351619475,0.2850172086308567,47.749168015584196,0.043867194151000245,0.9343864296601114,,,,,,,,
3,y,186.0,-0.007429067386863584,0.0025392587358442236,-0.009968326122707807,0.05305613733066269,0.002814953708450139,-0.2508131164564367,-0.23233891006557447,0.2914104749789907,134.0842456820138,0.06932831171595487,1.0318899728380848,,,,,,,,
3,y,187.0,0.023254964871218278,0.002512128654040504,0.020742836217177773,0.053051523787573676,0.0028144641761834958,-0.24795707457097083,-0.2237924219787244,0.2831365660162383,133.4537357558971,0.06986574599119183,1.0333201633860323,,,,,,,,
3,y,188.0,-0.06314008887529078,0.002483870188078251,-0.06562395906336903,0.05298616005491655,0.002807533157365234,-0.26158190972423007,-0.2108039206330933,0.25227788367791654,114.76782158968106,0.07197841431323244,1.0449572957120088,,,,,,,,
3,y,189.0,0.031152101114901094,0.0024533014343911842,0.02869879968050991,0.052973971573318235,0.0028062416642507283,-0.26225179970946794,-0.21745370609115017,0.25545854007120844,49.00262572552853,0.040879720270795866,1.0457580968528797,,,,,,,,
3,y,190.0,0.056615505510919116,0.0024199491090219306,0.05419555640189719,0.05305155098343421,0.0028144670617479195,-0.24676132817391672,-0.23407588902310364,0.24610200052483733,45.11909255236096,0.040294957491792405,1.0269731529793622,,,,,,,,
3,y,191.0,0.05760285418588064,0.002386148086282111,0.05521670609959853,0.05293908951551537,0.0028025471987317492,-0.22841665298052508,-0.2079021622388736,0.22617848069078736,22.20350834365322,0.0015345690520115604,1.0485437044293553,,,,,,,,
3,y,192.0,-0.07187178571694332,0.002349663755590294,-0.07422144947253362,0.05337824188191816,0.0028492367064045627,-0.2567403422355181,-0.21747744764037505,0.2231917619584513,39.80273381042099,0.031345083433054526,0.9552791614346626,,,,,,,,
3,y,193.0,0.030200173471050362,0.0023112395946477604,0.0278889338764026,0.05237709868421484,0.0027433604665759804,-0.25901202912733234,-0.19528687669610179,0.22099097389999509,90.84929436720621,-0.004738109098889814,1.0940832677868702,,,,,,,,
3,y,194.0,-0.05801875511147173,0.0022726701635289778,-0.06029142527500071,0.05267462525030512,0.002774616145260082,-0.2685925016430404,-0.17401166807162152,0.20515140928883746,258.2752142557928,0.0036379241355015083,1.0172547994087426,,,,,,,,
3,y,195.0,0.05817065840479024,0.002232301561073369,0.055938356843716876,0.052730078201042474,0.0027804611470880545,-0.2738758840397975,-0.16993330831792963,0.18227684892097287,40.65645243067724,-0.0367121211297488,1.006077421223747,,,,,,,,
3,y,196.0,0.09830981568488685,0.002190188525334942,0.09611962715955191,0.05352836315716553,0.0028652856622853966,-0.2475874222196977,-0.18414658736801712,0.18760831884032841,26.914911903304564,-0.015483908783815049,0.8779607316993829,,,,,,,,
3,y,197.0,-0.06005616223804135,0.0021485217058561114,-0.06220468394389746,0.05388101554978997,0.0029031638366767087,-0.2647336702884168,-0.19396851648229416,0.19843846213483862,35.79629810217436,-0.0029975203096202154,0.7940932080221018,,,,,,,,
3,y,198.0,0.005469888989278533,0.002105732194231995,0.0033641567950465382,0.053800118097435234,0.002894452707297978,-0.2624874478194132,-0.19037545812948212,0.19770647926436177,29.125435436352422,-0.01991587439928893,0.816841829430183,,,,,,,,
3,y,199.0,-0.06842017734388739,0.002062005621794491,-0.07048218296568189,0.054240810032726204,0.002942065473006292,-0.2609509451049634,-0.17196722045737686,0.1691199603437202,54.23617497548068,0.006011233918612226,0.7213290021762823,1.3534448910406778e-14,0.9999999999895985,1.0387986496871504e-11,0.0009722616808233058,"{'sigma': 0.08846932248541162, 'lam': -3.1415925749261864}","{'sigma': 0.027089440515212893, 'mu': -0.47154377211371123, 'w0': 2.041306766094738, 'delta': 1.5508060502433807e-08, 'psi': 0.1}",{'sigma': 0.02623572619657859},0.00029915744025332466
3,y,200.0,0.002532000912933209,0.002017780292512073,0.000514220620421136,0.05424035699507035,0.0029420163269526767,-0.258996745807024,-0.17190473312099128,0.1691467342147362,51.699003801547654,0.004112798593386879,0.7214433194961377,,,,,,,,
3,y,201.0,0.016383883291475963,0.0019744324471172954,0.014409450844358667,0.054258887780217285,0.002944026903146213,-0.25879285588857803,-0.17403040282629495,0.1690208788014965,43.24144767093277,-0.0064086614201991675,0.7163098053609824,,,,,,,,
3,y,202.0,0.032649974793812334,0.0019315797236812947,0.03071839507013104,0.054344512211842014,0.002953326007543046,-0.25899716600354483,-0.1733627186271301,0.1617478112362804,35.664199182940294,-0.01877114237018064,0.69371317902202,,,,,,,,
3,y,203.0,-0.0654097745545417,0.0018880548675919342,-0.06729782942213362,0.05449410025284671,0.0029696069623673083,-0.26143836594096986,-0.1668971958565038,0.16079654915918856,160.673652988429,0.020062753335046993,0.6666651030371681,,,,,,,,
3,y,204.0,0.07366840722522214,0.0018458933662764275,0.07182251385894571,0.05494148695217955,0.003018566988516516,-0.2789124485077479,-0.15750917548001123,0.15926306658742945,42.801550610557676,-0.007528532044600576,0.5776740023645828,,,,,,,,
3,y,205.0,0.03925784951095241,0.001805198861347487,0.03745265064960492,0.054773761910804866,0.003000164993861538,-0.2682114296297611,-0.18334267349406674,0.16165834263992923,24.478916195380787,-0.045591498182482385,0.6147622172286913,,,,,,,,
3,y,206.0,-0.047352187520855196,0.001764367370741136,-0.04911655489159633,0.054999648549160125,0.003024961340531131,-0.27579827891469133,-0.19326638623566103,0.1719451187452199,31.396459486763444,-0.02480816092676329,0.5599670581726017,,,,,,,,
3,y,207.0,0.04225819817572463,0.0017248774939237488,0.040533320681800884,0.054496318920139425,0.002969848775845546,-0.28646144936055234,-0.1750697214613848,0.18880662703306525,18.149102405062454,-0.05401143701141595,0.6433926891812622,,,,,,,,
3,y,208.0,0.010675270798480296,0.0016881494762272789,0.008987121322253017,0.05449389053968359,0.0029695841061510167,-0.2844717674464545,-0.1751649523956032,0.18865880300638166,17.120547538656773,-0.06324464272183918,0.6447962101647882,,,,,,,,
3,y,209.0,0.042695099129817046,0.0016516386849717668,0.04104346044484528,0.054374358436616844,0.002956570855393685,-0.28850175764817504,-0.16039995029503248,0.18318906073059868,17.776130540973185,-0.06163916454485259,0.6701269861312862,,,,,,,,
3,y,210.0,-0.009888871824829617,0.0016178197729837108,-0.011506691597813328,0.054340872720437104,0.0029529304480187452,-0.2868161941565055,-0.16012043799491596,0.1840794336397714,20.002969423347682,-0.04255823146360267,0.6776815690784719,,,,,,,,
3,y,211.0,-0.12734996375788898,0.0015862690908382382,-0.1289362328487272,0.055614172240078696,0.0030929361539491396,-0.276163546491082,-0.17987471331318092,0.181940433300837,28.12652083503233,-0.12015261911916149,0.6467206088624554,,,,,,,,
3,y,212.0,0.13120114463476176,0.0015557058931343316,0.12964543874162743,0.05709012886028614,0.003259282813284076,-0.3160923362246512,-0.18009641210858843,0.1938336717424909,16.96836661616289,-0.06492189955608094,0.5600019844956466,,,,,,,,
3,y,213.0,-0.006366457746585277,0.001527925433657494,-0.007894383180242772,0.05699669531565618,0.0032486232769057435,-0.30972113926667927,-0.17009145310921994,0.1990801143991885,15.744458448038058,-0.07613359444678147,0.5839287203810868,,,,,,,,
3,y,214.0,-0.021841808503736314,0.0015040451471110435,-0.02334585365084736,0.05697898297130035,0.0032466045004437357,-0.31020539719751355,-0.17929712241221912,0.220700667779022,18.404401687115882,-0.04950319657246442,0.5857370147398271,,,,,,,,
3,y,215.0,0.03603553954125652,0.001481056228104172,0.03455448331315235,0.057061925431270775,0.0032560633339239063,-0.3141093255129376,-0.17953652579153087,0.22804536926400984,17.21278213359011,-0.05842036010716762,0.5663849194365458,,,,,,,,
3,y,216.0,-0.051281747481449536,0.0014613664175665408,-0.05274311389901608,0.05719822883600939,0.003271637381976496,-0.3117190989548943,-0.1740550123641118,0.22641493757796352,23.63791437251943,-0.02090386337329916,0.535616955718143,,,,,,,,
3,y,217.0,0.026026336403245368,0.0014459348800628248,0.024580401523182544,0.055908133742837,0.0031257194186069493,-0.3231464175109191,-0.16597000724968697,0.2177514673486931,14.37944072876266,0.004945859089745847,0.6370891930565971,,,,,,,,
3,y,218.0,0.06078665558129501,0.001432241352134412,0.059354414229160594,0.05619769333493162,0.0031581807361670176,-0.31704751356700894,-0.17509861113449202,0.22426109577786896,12.44351018088218,-0.017793089505973192,0.5723581816018583,,,,,,,,
3,y,219.0,-0.06694979069106771,0.0014215278257883792,-0.06837131851685609,0.056594490077767026,0.0032029363071624703,-0.3241455800024319,-0.17394605794730136,0.23320204938402186,15.790092510528881,0.0124688411326986,0.4962329393559634,5.658591321703248e-19,0.9999999999999987,1.313352930198538e-15,0.00037229127210882854,"{'sigma': 0.08811299648162249, 'lam': -3.141592649922209}","{'sigma': 0.029341953150632927, 'mu': -0.5124692324932459, 'w0': 2.2184727022187696, 'delta': 1.7512499450589303e-07, 'psi': 0.1}",{'sigma': 0.026414256068043002},0.0002659223372205918
3,y,220.0,-0.007741952949277131,0.0014156987428867352,-0.009157651692163865,0.056521914568141506,0.0031947268264482867,-0.3342203516318541,-0.17399394592995326,0.2373480516567113,14.908042201150733,0.0034989384513960785,0.513683769621322,,,,,,,,
3,y,221.0,-0.024467460205730648,0.0014116728264975712,-0.02587913303222822,0.0557220202973665,0.003104943546020124,-0.33286477483361776,-0.15524838784366937,0.23334807128200807,12.368977359466598,0.0200051560815409,0.6209182445613826,,,,,,,,
3,y,222.0,-0.07385218280849992,0.0014111405091245333,-0.07526332331762446,0.05623970214495986,0.0031629040973538028,-0.32540665616233405,-0.15061511806129121,0.24556961261715102,15.724807109890573,0.04290991674171032,0.5268831431941241,,,,,,,,
3,y,223.0,0.028165878000676395,0.0014152660398344117,0.026750611960841983,0.0561280656913169,0.003150359758248785,-0.3288374232937439,-0.16397458046472468,0.23726724924411108,16.478265249172928,0.04931037198248248,0.5530402794103995,,,,,,,,
3,y,224.0,-0.06078447821747122,0.001422470267578057,-0.06220694848504928,0.05648939525847482,0.003191051776668198,-0.3335621604472768,-0.14643429711044162,0.24114272500258696,20.136671648710983,0.06668955398134745,0.4803861108987702,,,,,,,,
3,y,225.0,-0.030993705671859998,0.0014325066954786957,-0.0324262123673387,0.05613862688339531,0.0031515454283530748,-0.34530800912282733,-0.14867960677553357,0.2454006008459875,31.525963748750726,0.10214627838945087,0.5513992277319244,,,,,,,,
3,y,226.0,0.028665728000837762,0.0014472527635324248,0.027218475237305337,0.05577098907716154,0.0031104032226448716,-0.3487518958031841,-0.1573460669694603,0.23699329023803611,40.6627597173046,0.10869539561203359,0.6265709035015977,,,,,,,,
3,y,227.0,-0.021326273036580662,0.0014648952037579805,-0.022791168240338642,0.055813353862814795,0.003115130469415783,-0.34993130147990836,-0.1546023827000775,0.24118256838783844,46.05684322052711,0.11714901425431502,0.6169956685124851,,,,,,,,
3,y,228.0,0.05935190105150468,0.001485894662283064,0.05786600638922162,0.05610479657231986,0.003147748198421394,-0.3565926476741514,-0.1464148175020265,0.2339602891686632,33.46834448646335,0.1021168118915921,0.5492946072528653,,,,,,,,
3,y,229.0,-0.0397275126185905,0.001511379817857626,-0.04123889243644813,0.055931137615914776,0.003128292155010397,-0.35089234914066975,-0.14154703016942694,0.22073078325398637,81.82013021827991,0.14164816155022308,0.5928669157213441,,,,,,,,
3,y,230.0,-0.013816439714012023,0.0015395916575821613,-0.015356031371594185,0.05526529253491697,0.0030542525589699497,-0.35545912829624815,-0.12995627435573343,0.21395907925824817,39.00332939407762,0.14609814624913028,0.7003872101655112,,,,,,,,
3,y,231.0,-0.058023833952078774,0.0015712962372726384,-0.05959513018935141,0.05557082140125989,0.003088116191210725,-0.35023184575762006,-0.12257781970532121,0.19941053667896266,58.73029003643098,0.15785292958506164,0.6366094497287339,,,,,,,,
3,y,232.0,0.009328311624163067,0.0016071568110751615,0.007721154813087906,0.0552901197399307,0.0030569973408558744,-0.3457272093622387,-0.11853366277385788,0.20229642636598577,114.44732705450323,0.17581337303258288,0.7074612058678948,,,,,,,,
3,y,233.0,-0.02954487712225039,0.001645155117304697,-0.031190032239555087,0.05524878205421593,0.003052427918474252,-0.3506887288209725,-0.11440901584268265,0.19895154086264133,98.45163065148192,0.17381544833586557,0.7167879976538947,,,,,,,,
3,y,234.0,0.062446843711537775,0.001687030907614753,0.06075981280392302,0.055523260698825336,0.0030828324786297224,-0.35649756259185544,-0.11666297343061695,0.18363364723425427,37.80205584659281,0.13744758781735636,0.647217675921177,,,,,,,,
3,y,235.0,0.04736722987116127,0.001731582318637967,0.045635647552523306,0.05567903449946774,0.0031001548827929186,-0.3481833352412763,-0.12170236987674214,0.1898751214314972,26.132800654360295,0.10670654787763277,0.6043414598284654,,,,,,,,
3,y,236.0,-0.1566635046074912,0.0017789131203751224,-0.15844241772786632,0.057724316159727423,0.0033320966761081683,-0.3596689318250242,-0.13864723803664666,0.19171476506832394,57.1558558623975,-0.053191339989214,0.7089441884538791,,,,,,,,
3,y,237.0,0.010910038746957737,0.0018301232265303716,0.009079915520427365,0.0577149624726733,0.003331016893222087,-0.350012081659444,-0.13980786734016967,0.19291543468597622,45.753632204870925,-0.06583626582234287,0.7124170232522274,,,,,,,,
3,y,238.0,0.13817189365282614,0.0018830175210836544,0.13628887613174248,0.05894361200551652,0.003474349396256871,-0.3294449298055069,-0.19775216745266117,0.1948130190612939,29.946434256874348,0.01600521939998386,0.6979542762020596,,,,,,,,
3,y,239.0,-0.08793601613826617,0.0019383974471865481,-0.08987441358545271,0.05940387698562985,0.0035288206009238435,-0.35250059789238486,-0.1899229047951682,0.22080125366610126,37.219816014651194,0.0063955914229081486,0.6318436399839985,5.8531246110734986e-24,1.0,1.4245905993563202e-20,0.0005849494538551489,"{'sigma': 0.08972141994067277, 'lam': -3.1415926490416033}","{'sigma': 0.03051862945147632, 'mu': -0.511646734079438, 'w0': 2.3329174187972472, 'delta': 0.11800547645454851, 'psi': 0.1}",{'sigma': 0.027061423967489506},0.0002924747269275743
3,y,240.0,0.01154522824670735,0.001996961668710228,0.009548266577997122,0.05940803010695656,0.0035293140411890573,-0.3547204528708354,-0.18021309811507497,0.22164295429498737,36.34616384804559,0.0049360922582374405,0.6307968430219058,,,,,,,,
3,y,241.0,0.09704694753039117,0.0020566697373480686,0.0949902777930431,0.05978132399500127,0.0035738066985953154,-0.34044384620270646,-0.19753609345761036,0.24286195184733667,31.240245952008603,0.0174115161929749,0.589214691936356,,,,,,,,
3,y,242.0,-0.05682286149786532,0.0021185910958590745,-0.058941452593724394,0.059825574741434656,0.0035790993931429844,-0.3551651377388002,-0.19208246692771747,0.2582132016710394,31.87572554382362,0.017602160995294297,0.5811995178023237,,,,,,,,
3,y,243.0,-0.06533287405025967,0.0021824135739310913,-0.06751528762419076,0.06017135265316872,0.003620591680111994,-0.33851422288033234,-0.20537858181473947,0.2578527009193255,42.502759685909254,0.027158260066862925,0.514720499339822,,,,,,,,
3,y,244.0,0.06526597129760492,0.0022466533221469414,0.06301931797545798,0.06029367046278899,0.0036353266978753937,-0.35072271600406285,-0.22100918889037574,0.26649413224511204,38.826188497643315,0.026433165423593776,0.4931340371280103,,,,,,,,
3,y,245.0,0.008469141988750399,0.0023125480380493274,0.006156593950701072,0.06026417274592945,0.003631770516751226,-0.350831843442994,-0.2236740183873022,0.27013807056928446,42.138174058296386,0.03284207195593724,0.5003056108833799,,,,,,,,
3,y,246.0,0.04421117384051461,0.002380133714145833,0.041831040126368776,0.06027310571819688,0.003632847272916937,-0.35487604909877296,-0.20777207465886463,0.2671023608613004,41.493838104721924,0.03249399352545548,0.49844961118837855,,,,,,,,
3,y,247.0,-0.14330924762497343,0.0024475063335771536,-0.1457567539585506,0.0618773512895059,0.0038288066026049175,-0.3567193133754379,-0.20090601451569198,0.2342793990432634,-173.53315669258762,-0.015242941990794342,0.45677114896885873,,,,,,,,
3,y,248.0,0.048775272257671455,0.002515544129155536,0.04625972812851592,0.06164456679848061,0.003800052615772338,-0.376568580349803,-0.19884602769583215,0.22733646779339625,72.37342169567212,-0.05399219972532099,0.49771800442848524,,,,,,,,
3,y,249.0,0.05159876508143148,0.002583794101152516,0.04901497098027896,0.061662622279400774,0.0038022789863720527,-0.3711417310264307,-0.21901609139653172,0.24196373645842278,33.63368816122969,-0.0920732391092855,0.49907914494153277,,,,,,,,
3,y,250.0,-0.09297293409378192,0.002651934856864278,-0.0956248689506462,0.06237844612063432,0.003891070540424879,-0.3811653478208856,-0.2263641888940646,0.26849041101665205,59.60113665536237,-0.0865504514720253,0.3900400390816845,,,,,,,,
3,y,251.0,0.024387311529099686,0.002719735775344984,0.021667575753754702,0.0622328810959041,0.003872931489496938,-0.3771535606082362,-0.22529016261969362,0.26900988596893555,35.381458925065594,-0.11661348227022664,0.42394433067587217,,,,,,,,
3,y,252.0,0.04801217326654625,0.0027875933143221535,0.04522457995222409,0.06208580224754194,0.0038546468407208837,-0.3726408648564489,-0.23172491278335003,0.27373677816735276,38.771582615919506,-0.11552739486010746,0.4482699350669432,,,,,,,,
3,y,253.0,0.009061940631922075,0.0028544608782764287,0.006207479753645646,0.0620685763301909,0.0038525081676567346,-0.3718567977927282,-0.2310160312863205,0.26948164226366517,33.79024890619369,-0.12655989083718286,0.45398946275343166,,,,,,,,
3,y,254.0,-0.038822651554978806,0.0029191540969224178,-0.04174180565190122,0.062181100417373125,0.0038664892491154404,-0.37158002428447073,-0.23437133880924446,0.26519781075026894,38.52157113256937,-0.11721388393088125,0.4285133055782238,,,,,,,,
3,y,255.0,-0.031937690040482664,0.0029836617307028896,-0.034921351771185556,0.06227261069860796,0.003877878043220383,-0.3668018905153061,-0.234390035689224,0.259782894166162,51.214804789168774,-0.09837039400703924,0.4058984609641363,,,,,,,,
3,y,256.0,0.05834150153447058,0.0030465088970289245,0.055294992637441656,0.06251315722942613,0.003907894826790953,-0.3692118106393657,-0.2400061135251168,0.2589536108770961,37.6882410976461,-0.11102333516576203,0.3622354357559076,,,,,,,,
3,y,257.0,-0.04238514905893709,0.0031063223674390964,-0.04549147142637618,0.06258708262684408,0.003917142911739407,-0.3719048010735977,-0.23242513834669273,0.2647501613096701,40.32729653490908,-0.10718768575389166,0.3470940433421157,,,,,,,,
3,y,258.0,-0.02919249647755584,0.003164413983308768,-0.032356910460864606,0.0626129578179802,0.0039203824867161665,-0.3706103653784668,-0.23732423482320392,0.2706380911746663,63.33780681151631,-0.0810518458360079,0.33819299033872824,,,,,,,,
3,y,259.0,0.02605754607022382,0.003220370821363376,0.022837175248860444,0.06252724567636259,0.003909656451872204,-0.37492740003291575,-0.23584734494151022,0.2790943355416914,74.91923293863113,-0.07554222879510922,0.35453078322032566,3.6295045004394996e-19,0.9999999999999998,1.4553644049068405e-16,0.0005927621746667786,"{'sigma': 0.10056234642834107, 'lam': -3.141592653589791}","{'sigma': 0.03394591130718272, 'mu': -0.4972463281573718, 'w0': 2.152572776360959, 'delta': 7.26230742209566e-10, 'psi': 0.1}",{'sigma': 0.030227964060962568},0.0003951747831111857
3,y,260.0,0.10211459906581069,0.003272582677822706,0.09884201638798798,0.0632953546082163,0.004006301914979847,-0.36251511665111125,-0.23878282868843725,0.2619546010456429,38.44289191128679,-0.07106520027909423,0.26012666680086943,,,,,,,,
3,y,261.0,-0.03814383274752284,0.003322830443169001,-0.04146666319069184,0.06326769005914352,0.004002800605419849,-0.37502620087424127,-0.2362877773978165,0.26178126874851776,37.275512629464785,-0.07220015428641921,0.265325998409293,,,,,,,,
3,y,262.0,0.004557148105833554,0.0033701922723503395,0.0011869558334832147,0.06308556073271471,0.003979787972961037,-0.37047234227897136,-0.23769049077068719,0.2635975209087948,28.680913141091434,-0.09228809391588996,0.3034352418997347,,,,,,,,
3,y,263.0,0.009519928276921382,0.003413201135833733,0.0061067271410876495,0.06288060304517913,0.003953970239325391,-0.3680523746244282,-0.23984391562345173,0.2748858034917091,35.65079557633766,-0.0768675543751799,0.3407980081982447,,,,,,,,
3,y,264.0,-0.04129664424477466,0.003453314382959227,-0.044749958627733885,0.06296067564652166,0.003964046677866506,-0.36757921844489005,-0.24772570691524837,0.30749786374999133,38.35007161174546,-0.07248481303182755,0.32469702293407343,,,,,,,,
3,y,265.0,0.09181646549465725,0.0034903030635103126,0.08832616243114694,0.0635789989316446,0.004042289105150067,-0.3739416724784654,-0.25970891105334337,0.30410106060628667,26.00885070069627,-0.08040148616825922,0.2378597038196249,,,,,,,,
3,y,266.0,-0.007126708023355646,0.0035225474398337883,-0.010649255463189435,0.06310717435671567,0.003982515455288912,-0.35489040282550915,-0.2562641914930174,0.2951404229029456,20.224342871412365,-0.09552595189031358,0.31780300810486245,,,,,,,,
3,y,267.0,-0.008810945399983162,0.003550387939171419,-0.012361333339154582,0.06033441153806334,0.0036402412156443906,-0.38017220709388844,-0.23835508490765797,0.257328625575004,51.865143839180135,-0.29954226511394166,0.0235915435320781,,,,,,,,
3,y,268.0,0.12408681425367442,0.003574593634823919,0.1205122206188505,0.0615243165329654,0.0037852415248485196,-0.37537686830545425,-0.24603990138204704,0.28968030803954853,27.836210764057352,-0.2547684960062601,-0.030905366320831004,,,,,,,,
3,y,269.0,0.09134419908854685,0.003593785772437703,0.08775041331610915,0.06182813751769328,0.003822718588906792,-0.3254592389082068,-0.2699851764489107,0.2875048926868314,16.652277014544694,-0.28531027911811574,-0.03252095630881265,,,,,,,,
3,y,270.0,-0.15254159844901577,0.0036084685082590487,-0.15615006695727482,0.0628748603991732,0.003953248070215518,-0.3271822880814908,-0.3146807132058891,0.2707343219841222,57.79576960646451,-0.3545267205602457,0.03280087097140558,,,,,,,,
3,y,271.0,0.09468407814782244,0.0036184474844767217,0.09106563066334572,0.06260947126091533,0.003919945891571382,-0.3520115522888927,-0.2752062446967563,0.28779241814346024,20.269964729165512,-0.3722598809957632,0.08863271684186685,,,,,,,,
3,y,272.0,0.10778695941083759,0.0036232638730246164,0.10416369553781298,0.06344910108249072,0.004025788428176125,-0.3229905979027135,-0.30389783582216096,0.3045426193674733,15.770294996766117,-0.3577806448015185,0.019451157146218135,,,,,,,,
3,y,273.0,-0.1542083037246334,0.003623337309180682,-0.15783164103381409,0.06513701236676904,0.004242830380068624,-0.3461458203205868,-0.33928400096569483,0.35269437194202036,35.276364343980845,-0.3870862731687316,0.02700911176010635,,,,,,,,
3,y,274.0,0.0674168739806683,0.003618533608908184,0.06379834037176012,0.06537124514813783,0.004273399692217933,-0.3553500003154165,-0.3188771983195241,0.36293497593005986,23.209176167462708,-0.4169434888720369,0.016083897900218528,,,,,,,,
3,y,275.0,0.037963118960690365,0.003608187381240196,0.03435493157945017,0.06518829866969783,0.004249514283449728,-0.34678905401905635,-0.32421475715348813,0.3757209828860567,25.33800391983945,-0.4148365802633995,0.0378030913904622,,,,,,,,
3,y,276.0,-0.11754818530292452,0.0035923982765055187,-0.12114058357943004,0.06628229670613629,0.004393342856640285,-0.3498842889899625,-0.3384731847102319,0.4074155870249594,42.30957268160353,-0.41076618250085495,-0.07089598411170141,,,,,,,,
3,y,277.0,0.06960539490720952,0.00357220516638643,0.06603318974082309,0.06661227480661792,0.004437195154912385,-0.3605689731387493,-0.3333348163450491,0.413173045214595,30.980754009334998,-0.42072244489139443,-0.10485358769055675,,,,,,,,
3,y,278.0,0.14112317061031346,0.003546328864111163,0.1375768417462023,0.06784548945487795,0.004603010439371955,-0.3271454583753139,-0.35740999121802247,0.4099240400946416,16.92698382999571,-0.3918884859874058,-0.09655010200396245,,,,,,,,
3,y,279.0,-0.143410989557465,0.00351493796268215,-0.14692592752014716,0.06922679681206226,0.0047923493968585525,-0.35967766898409986,-0.36028931821324206,0.4294578226108923,34.78098022167529,-0.3860824471264907,-0.1574122352072224,5.859742538963975e-16,0.9999999999999056,9.374627452513691e-14,0.0032963135396066254,"{'sigma': 0.0988262443008409, 'lam': -3.1415919192282553}","{'sigma': 0.03190787821555574, 'mu': -0.47060049071554755, 'w0': 2.087402219111404, 'delta': 0.05017892121702572, 'psi': 0.1}",{'sigma': 0.02950486447221288},0.0004709019342295179
3,y,280.0,0.11794275178514216,0.003478625526343571,0.11446412625879859,0.07015152645807704,0.004921236664398283,-0.3859176681439194,-0.3173972938641816,0.43752860591270304,23.66414791185381,-0.36813335897710464,-0.2122656071559256,,,,,,,,
3,y,281.0,0.03490716381669152,0.003437221964496339,0.03146994185219518,0.06835878621814834,0.004672923653218507,-0.3647950532068728,-0.30987101726221816,0.4312166500191593,14.042593718258832,-0.3529155548221795,-0.1732017018162735,,,,,,,,
3,y,282.0,0.007466770594938877,0.0033906523908788615,0.0040761182040600155,0.06811041457774716,0.004639028573952594,-0.37376847158706555,-0.29995209896621466,0.4151707286165439,15.785567807347617,-0.33783735625550015,-0.14791692094685782,,,,,,,,
3,y,283.0,-0.013139793958101643,0.003338970861994715,-0.01647876482009636,0.06791206503904779,0.0046120485778678565,-0.3695428019010936,-0.3101199349750183,0.4074875467215409,18.894947057259298,-0.3134910565977275,-0.1324385709193663,,,,,,,,
3,y,284.0,0.01709813792841929,0.0032827055309836385,0.01381543239743565,0.06769305498444875,0.004582349693127601,-0.3652205332090377,-0.3124871570070932,0.41180560859970516,15.816710639715081,-0.3415631131850456,-0.08506714029110468,,,,,,,,
3,y,285.0,-0.052816080382044266,0.0032214501142526267,-0.056037530496296895,0.06767131607019264,0.004579407018671913,-0.3654259853949444,-0.31293636336274744,0.42251594979897383,21.725257373795333,-0.3022654849027427,-0.10544705606290293,,,,,,,,
3,y,286.0,-0.09866708453196588,0.003154834510749974,-0.10182191904271586,0.06843679742699806,0.004683595242063967,-0.3470070382173999,-0.31529747176995704,0.42263810060267903,31.072492845092107,-0.2857701633524141,-0.1999469126726685,,,,,,,,
3,y,287.0,0.10905682154467145,0.0030838548920048485,0.1059729666526666,0.06922650705636425,0.004792309279224849,-0.3609290800108494,-0.3250634914134742,0.4195834976979234,22.619295874271256,-0.2768859169134775,-0.25718103143680443,,,,,,,,
3,y,288.0,-0.014573956313904589,0.0030085750779134546,-0.017582531391818042,0.0689280258055373,0.004751072741448815,-0.35878619102201265,-0.31210123195003314,0.4316768124802742,19.437326401870035,-0.29286587384897894,-0.20866434257244462,,,,,,,,
3,y,289.0,-0.11463672777965282,0.002929206480313781,-0.1175659342599666,0.06988226959765947,0.004883531604119962,-0.3533918637043708,-0.3345626810348655,0.4535674899260548,33.46403628533222,-0.26808393465226726,-0.30012793270870647,,,,,,,,
3,y,290.0,0.10825719736884545,0.002845150698333347,0.1054120466705121,0.07047117591009402,0.0049661866341514154,-0.37842818368699943,-0.32921678829982276,0.4650275992360085,27.05542512574177,-0.25361512798325914,-0.33441336393221766,,,,,,,,
3,y,291.0,-0.03640365008822973,0.0027571449848107586,-0.03916079507304049,0.07035847021685397,0.004950314331255927,-0.3767927182627973,-0.3189880392082129,0.47595465759519356,42.26669059032172,-0.22050661444013495,-0.3331319915578753,,,,,,,,
3,y,292.0,-0.058337894825955985,0.0026661306521010716,-0.061004025478057056,0.07023138972127628,0.004932448102181792,-0.3680476429678093,-0.33947832985769455,0.49513623154692765,39.01807726902848,-0.22217823622938038,-0.3184162892695964,,,,,,,,
3,y,293.0,0.14563286259192204,0.0025711130664011006,0.14306174952552095,0.0716342581271604,0.0051314669374286455,-0.37480321250752147,-0.34783339910916083,0.5097150611459709,24.247476676630217,-0.1760504812058319,-0.34581298733068977,,,,,,,,
3,y,294.0,-0.07498772479518881,0.002472411010494441,-0.07746013580568326,0.07180184457677224,0.0051555048846269585,-0.3828204146896832,-0.32764926554504326,0.5082945482472827,25.785263618309884,-0.1744416018723057,-0.36373891716226436,,,,,,,,
3,y,295.0,-0.014539972208922013,0.0023715882951611407,-0.016911560504083153,0.0716013692001136,0.005126756071330977,-0.3933690964600797,-0.3207881124033384,0.5094463996221023,34.8001552367429,-0.1497328863020073,-0.34391224223904493,,,,,,,,
3,y,296.0,0.21482267099178556,0.002267795078227197,0.21255487591355837,0.07409000420171685,0.00548932872261042,-0.37643759248870384,-0.3402940480701224,0.5572598242896439,22.990540200703506,0.03866300497609942,0.0021966432374838753,,,,,,,,
3,y,297.0,-0.0945827720536978,0.002160856156795153,-0.09674362821049295,0.07446613712061208,0.005545205577665799,-0.3964459672888883,-0.34555165513540936,0.5655688450161285,25.879986012227416,0.03536378983207167,-0.03324537932825063,,,,,,,,
3,y,298.0,-0.06212935293282165,0.0020520462356580565,-0.0641813991684797,0.07474510744564668,0.005586831087061266,-0.3814749256090652,-0.35489731419616255,0.565264675350641,33.95388219350783,0.05597426752589779,-0.07109144043603119,,,,,,,,
3,y,299.0,0.06445957811772025,0.0019416732832583735,0.06251790483446187,0.07466588159386843,0.005574993874189581,-0.3877389684824614,-0.3615380880544926,0.5705282763888335,21.15079508722969,0.016319947896881664,-0.06452668255506369,3.342452966194095e-28,1.0,1.4406039347286763e-26,0.0029699813354550036,"{'sigma': 0.11515037408847095, 'lam': -3.1415925797526216}","{'sigma': 0.024821834170633217, 'mu': -0.24072216325656315, 'w0': 2.0465011603304477, 'delta': 1.0044181005356216, 'psi': 0.1}",{'sigma': 0.03461187890293706},0.0009138404109092313
3,y,300.0,-0.18278325158197803,0.0018291822737778198,-0.18461243385575585,0.07694062768916327,0.0059198601892024375,-0.395094997480334,-0.3286226022478982,0.5830403066141243,45.879469793094096,-0.05632977872722907,-0.052264079073779494,,,,,,,,
3,y,301.0,0.14938384607211744,0.0017157799151057257,0.14766806615701172,0.0783472013944404,0.006138283966341005,-0.42340809329608337,-0.3053444878070766,0.5542276447370209,26.0547992289478,-0.035409899634855566,-0.12591551452814684,,,,,,,,
3,y,302.0,-0.01893319783921189,0.0016001740751140335,-0.020533371914325922,0.07831561675441524,0.006133335827624446,-0.4191374852271786,-0.2949002921177833,0.5490140095913925,31.437101493226194,-0.016208717796829735,-0.12201990130623575,,,,,,,,
3,y,303.0,-0.12146013981404323,0.0014846291384202702,-0.1229447689524635,0.0789938029729221,0.006240020908124838,-0.404889234660815,-0.3129341784814875,0.5617699704703082,40.9150001448665,-0.02675334581169032,-0.16642742393420534,,,,,,,,
3,y,304.0,0.12225128921407659,0.0013688381730560856,0.12088245104102051,0.07959754063027812,0.006335768474388775,-0.42588255683936715,-0.30953041724470987,0.5726422377751099,32.93905465035722,-0.0161974798913572,-0.20331997916577418,,,,,,,,
3,y,305.0,0.001986770256787323,0.0012527184206787224,0.0007340518361086004,0.07950762624046938,0.006321462630394175,-0.4189574022911151,-0.30919485860946977,0.5725451459952058,38.90188569698729,-0.003192991922399111,-0.19095199201947652,,,,,,,,
3,y,306.0,-0.0011890981103808672,0.0011373215442952041,-0.0023264196546760713,0.0793554242545967,0.006297283358627035,-0.4171242090441671,-0.3057704364298221,0.5710034616163489,31.673379344166314,-0.01887330352153714,-0.16990836806298523,,,,,,,,
3,y,307.0,0.10240667053093096,0.001022212789940456,0.1013844577409905,0.07990010651759763,0.0063840270215234475,-0.4152338233629731,-0.30661443505574193,0.5808572176543114,25.71686776031152,-0.02214052488578828,-0.22145804552421083,,,,,,,,
3,y,308.0,-0.0984998641654162,0.0009076117909570037,-0.0994074759563732,0.08051940859488836,0.0064833751604705826,-0.4256209705239263,-0.303823924920147,0.5858105851000103,39.95677122434184,-0.00024049619771355013,-0.2843184457101975,,,,,,,,
3,y,309.0,0.02878820486587136,0.0007944295231609481,0.02799377534271041,0.08046214484624062,0.006474156753257405,-0.4263989225964533,-0.29257784307306,0.5854343221900534,42.88811788901511,0.0037692291162932804,-0.2768934382645602,,,,,,,,
3,y,310.0,0.12410294120372926,0.0006827609632122741,0.12342018024051699,0.08140175129658889,0.00662624511415171,-0.4235123845465448,-0.3076688792632934,0.5934286030852644,25.31139358875746,-0.010704686457861701,-0.34803797199534026,,,,,,,,
3,y,311.0,-0.1073586526761003,0.0005728531082065517,-0.10793150578430685,0.08109001211915384,0.006575590065484517,-0.42040747225254904,-0.3151678892558213,0.6036740931342885,23.738812786889824,-0.0013859833074903035,-0.34126604525164334,,,,,,,,
3,y,312.0,-0.08534865678568276,0.00046515493750215063,-0.08581381172318492,0.08049880934218605,0.00648005830550962,-0.4035907780247992,-0.3257887424600418,0.5975717436646099,64.37703954381283,0.025566225522782284,-0.31660301523251466,,,,,,,,
3,y,313.0,0.22402758281288745,0.0003601692303285102,0.22366741358255895,0.08357347310217214,0.0069845254063594904,-0.415555412047944,-0.3473193548767718,0.6110980283864669,23.512894398909285,0.13854472803532789,-0.1624861077777262,,,,,,,,
3,y,314.0,-0.1361423304418495,0.000257357259663038,-0.13639968770151253,0.08466647859811083,0.00716841259820436,-0.4380326634248497,-0.3259845024695747,0.6208894392171523,35.11146839500868,0.1301274230490308,-0.2300030946609759,,,,,,,,
3,y,315.0,-0.13147911054862613,0.00015822046198977948,-0.1316373310106159,0.08560870998883945,0.00732885122595322,-0.40067062539984616,-0.353366020250051,0.6254563931558441,116.28205418010475,0.14710129844358233,-0.28464043411700196,,,,,,,,
3,y,316.0,0.31057612408490753,6.293668368858533e-05,0.31051318740121897,0.09095595251418225,0.008272985297762174,-0.4239305189952896,-0.38078787826985167,0.6565660756816459,20.886392640630348,0.4185747541530134,0.5178147905310169,,,,,,,,
3,y,317.0,-0.11560659046636146,-2.9792956506992374e-05,-0.11557679750985447,0.09168218028090225,0.008405622181059861,-0.44154721444195805,-0.3523188415234642,0.6640361972932673,31.200700371208953,0.43358971273589614,0.4599099362840134,,,,,,,,
3,y,318.0,-0.11590945766549986,-0.0001182615293455415,-0.11579119613615431,0.09222066415735777,0.008504650897624172,-0.41559105945149194,-0.37190436106274904,0.6743680274937424,78.71986659487129,0.46077996689253004,0.4373070904063069,,,,,,,,
3,y,319.0,0.21225470613235956,-0.00020236777308304263,0.2124570739054426,0.09440170966958908,0.008911682788541389,-0.43206558445390275,-0.3916753109784313,0.6924507361470968,23.817468307351408,0.46154877060030963,0.33769245438235196,0.027430013814655776,0.19144508699050805,0.7811248991948363,0.005132994047115313,"{'sigma': 0.13783607267958645, 'lam': -3.1415924241950353}","{'sigma': 0.2327153576780856, 'mu': -0.9999805194527716, 'w0': 6.328902428519244, 'delta': 1.9999999903339942, 'psi': 0.1}",{'sigma': 0.041751355454077835},0.0014665697277472312
3,y,320.0,-0.012939886829458038,-0.0002824180523981172,-0.012657468777059921,0.09440642499152925,0.008912573079681239,-0.42489857106686735,-0.3886301441362218,0.6892715903931881,24.135174903693816,0.4625938852916407,0.3377243181279503,,,,,,,,
3,y,321.0,-0.16461736474364644,-0.00035702620337421827,-0.16426033854027222,0.09581791942224849,0.009181073682408503,-0.41961162129468177,-0.41173316629752504,0.6952962470540275,38.173391471651506,0.43338431465019767,0.2611648665367276,,,,,,,,
3,y,322.0,0.08655628516319369,-0.00042779101146572535,0.08698407617465942,0.0958994036662272,0.009196695623537992,-0.42654861156026797,-0.41936452760405324,0.6946741968827572,23.30962006747879,0.3931397177572042,0.22328875398755518,,,,,,,,
3,y,323.0,0.06677659738804251,-0.0004927770472898264,0.06726937443533233,0.09609084526404132,0.009233450543557934,-0.4170496982804112,-0.42323999193787365,0.6916834203844386,21.352274280646267,0.3809522792039009,0.19238474149795576,,,,,,,,
3,y,324.0,-0.0975735138256644,-0.0005526338722474456,-0.09702087995341695,0.09638955684094377,0.009290946667993532,-0.42461170763880934,-0.42795638143774045,0.6955623891603852,23.325476723220586,0.38028893972053607,0.16743377879768845,,,,,,,,
3,y,325.0,0.20419354505400245,-0.0006072089205313555,0.2048007539745338,0.09843224068403279,0.009688906006079362,-0.4341824871771504,-0.4053193485601001,0.6998914624343808,15.18021630781758,0.37394293210972757,0.05721689870504127,,,,,,,,
3,y,326.0,-0.08323386988938639,-0.000656018848756753,-0.08257785104062963,0.09878613248523399,0.009758699971390202,-0.44096084861866397,-0.39457452749489585,0.6917735453217442,18.412217833771127,0.39681648321736407,0.03629727880306558,,,,,,,,
3,y,327.0,-0.17237328122942921,-0.000698925082430215,-0.171674356146999,0.10029280945042879,0.010058647627460018,-0.4164905941793974,-0.41784332792975515,0.6954907295188721,26.017785393717293,0.3701526950057397,-0.02684002141709682,,,,,,,,
3,y,328.0,0.18248710399102838,-0.0007360031834592116,0.1832231071744876,0.10177381060396924,0.010357908524852601,-0.43334494248589167,-0.42494705747629574,0.7123382210452748,20.01006512864709,0.3732278861155832,-0.11407181890303872,,,,,,,,
3,y,329.0,0.013193825888914053,-0.0007666146077396426,0.013960440496653695,0.10168108927315456,0.010339043915775227,-0.4257949045149881,-0.42410656837983063,0.7096127060416163,18.107721285277794,0.3584931352036757,-0.11186744502093598,,,,,,,,
3,y,330.0,-0.21628191987458828,-0.000792037336709619,-0.21548988253787865,0.1040001596963947,0.0108160332168756,-0.42031538537464086,-0.44563130093413134,0.7198025482799736,28.963841099093827,0.2977200936736788,-0.13633588392760265,,,,,,,,
3,y,331.0,0.09961958803545244,-0.0008110488865009295,0.10043063692195336,0.104280562362767,0.010874435686694939,-0.429404925693547,-0.44588710302048723,0.7279369777479826,20.181549408767182,0.2592094802902408,-0.17867189215238177,,,,,,,,
3,y,332.0,0.013082975426091877,-0.0008233001453635215,0.0139062755714554,0.1042851336610972,0.010875389102712909,-0.4265892576196393,-0.43885461461556535,0.728455552908582,20.03683745156626,0.25737022651320246,-0.1798196989523487,,,,,,,,
3,y,333.0,-0.21790153627815395,-0.0008295735368702422,-0.2170719627412837,0.10653687221322408,0.011350105140976839,-0.4184828352010723,-0.4461878518289811,0.7443459899495595,32.07875458630905,0.2040399060252269,-0.2094755357457158,,,,,,,,
3,y,334.0,0.11288063123766845,,,,,,,,,,,,,,,,,,
3,y,335.0,0.14170595619548043,,,,,,,,,,,,,,,,,,
3,y,336.0,-0.3196213067404608,,,,,,,,,,,,,,,,,,
3,y,337.0,-0.021856185531239226,,,,,,,,,,,,,,,,,,
3,y,338.0,0.21171886365582993,,,,,,,,,,,,,,,,,,
3,y,339.0,-0.10229039817133512,,,,,,,,,,,,,,,,,,
3,y,340.0,-0.09970818339581695,,,,,,,,,,,,,,,,,,
3,y,341.0,0.23503862471660916,,,,,,,,,,,,,,,,,,
3,y,342.0,-0.122906104672714,,,,,,,,,,,,,,,,,,
3,y,343.0,-0.2565890977497216,,,,,,,,,,,,,,,,,,
3,y,344.0,0.25530161617377106,,,,,,,,,,,,,,,,,,
3,y,345.0,0.021547244767668536,,,,,,,,,,,,,,,,,,
3,y,346.0,-0.17368987328012778,,,,,,,,,,,,,,,,,,
3,y,347.0,0.08488194779293834,,,,,,,,,,,,,,,,,,
3,y,348.0,0.1438902157780054,,,,,,,,,,,,,,,,,,
3,y,349.0,-0.21027497441215587,,,,,,,,,,,,,,,,,,
3,y,350.0,0.014135399307431781,,,,,,,,,,,,,,,,,,
3,y,351.0,0.28305847377566146,,,,,,,,,,,,,,,,,,
3,y,352.0,-0.19335727555148452,,,,,,,,,,,,,,,,,,
3,y,353.0,-0.12367583910116538,,,,,,,,,,,,,,,,,,
3,y,354.0,0.2781060710730962,,,,,,,,,,,,,,,,,,
3,y,355.0,-0.09555967052191394,,,,,,,,,,,,,,,,,,
3,y,356.0,-0.28186670610502623,,,,,,,,,,,,,,,,,,
3,y,357.0,0.3092535263789746,,,,,,,,,,,,,,,,,,
3,y,358.0,0.13118024661375224,,,,,,,,,,,,,,,,,,
3,y,359.0,-0.3293990550409811,,,,,,,,,,,,,,,,,,
3,y,360.0,0.1697630775470181,,,,,,,,,,,,,,,,,,
3,y,361.0,0.16285696481982426,,,,,,,,,,,,,,,,,,
3,y,362.0,-0.29604489056575284,,,,,,,,,,,,,,,,,,
3,y,363.0,-0.02326522082806699,,,,,,,,,,,,,,,,,,
3,y,364.0,0.3860854444439212,,,,,,,,,,,,,,,,,,
3,y,365.0,-0.26561133766410167,,,,,,,,,,,,,,,,,,
3,y,366.0,-0.19594874369704143,,,,,,,,,,,,,,,,,,
3,y,367.0,0.32719950548473525,,,,,,,,,,,,,,,,,,
3,y,368.0,0.00328799821055662,,,,,,,,,,,,,,,,,,
3,y,369.0,-0.2827677695722924,,,,,,,,,,,,,,,,,,
3,y,370.0,0.27111055404713374,,,,,,,,,,,,,,,,,,
3,y,371.0,0.10259529653308909,,,,,,,,,,,,,,,,,,
3,y,372.0,-0.39742133564447546,,,,,,,,,,,,,,,,,,
3,y,373.0,0.12753886905075623,,,,,,,,,,,,,,,,,,
3,y,374.0,0.2514530915239428,,,,,,,,,,,,,,,,,,
3,y,375.0,-0.3725883447226001,,,,,,,,,,,,,,,,,,
3,y,376.0,0.03625317341992117,,,,,,,,,,,,,,,,,,
3,y,377.0,0.280598608825809,,,,,,,,,,,,,,,,,,
3,y,378.0,-0.22404036146780684,,,,,,,,,,,,,,,,,,
3,y,379.0,-0.08254236727490429,,,,,,,,,,,,,,,,,,
3,y,380.0,0.4250199284339483,,,,,,,,,,,,,,,,,,
3,y,381.0,-0.27752988499022774,,,,,,,,,,,,,,,,,,
3,y,382.0,-0.07741822741458136,,,,,,,,,,,,,,,,,,
3,y,383.0,0.30772640350805824,,,,,,,,,,,,,,,,,,
3,y,384.0,-0.17073071575209597,,,,,,,,,,,,,,,,,,
3,y,385.0,-0.15749952385814095,,,,,,,,,,,,,,,,,,
3,y,386.0,0.319260374017175,,,,,,,,,,,,,,,,,,
3,y,387.0,-0.18894456475753943,,,,,,,,,,,,,,,,,,
3,y,388.0,-0.2427762773556214,,,,,,,,,,,,,,,,,,
3,y,389.0,0.31036536676935417,,,,,,,,,,,,,,,,,,
3,y,390.0,-0.08780527440863668,,,,,,,,,,,,,,,,,,
3,y,391.0,-0.30107803687249457,,,,,,,,,,,,,,,,,,
3,y,392.0,0.35986382022708974,,,,,,,,,,,,,,,,,,
3,y,393.0,-0.09800584433498778,,,,,,,,,,,,,,,,,,
3,y,394.0,-0.3691412445986703,,,,,,,,,,,,,,,,,,
3,y,395.0,0.3949676362658755,,,,,,,,,,,,,,,,,,
3,y,396.0,0.025657831082471813,,,,,,,,,,,,,,,,,,
3,y,397.0,-0.3621194958767166,,,,,,,,,,,,,,,,,,
3,y,398.0,0.3209521371337007,,,,,,,,,,,,,,,,,,
3,y,399.0,0.15712897191358619,,,,,,,,,,,,,,,,,,
4,x,0.0,-0.004417050252781234,0.00039894212349587114,-0.004815992376277105,,,,,,,,,,,,,,,,
4,x,1.0,0.040251670993382865,0.00039894362776031575,0.03985272736562255,,,,,,,,,,,,,,,,
4,x,2.0,-0.06431140264142064,0.00039858291260569373,-0.06470998555402634,,,,,,,,,,,,,,,,
4,x,3.0,-0.027177804289054773,0.000397061903924743,-0.027574866192979518,,,,,,,,,,,,,,,,
4,x,4.0,-0.02976035779087438,0.0003951537106499166,-0.030155511501524297,,,,,,,,,,,,,,,,
4,x,5.0,-0.04335947544097004,0.0003937871307370747,-0.04375326257170711,,,,,,,,,,,,,,,,
4,x,6.0,0.012705029376023313,0.0003913300554186693,0.012313699320604644,,,,,,,,,,,,,,,,
4,x,7.0,0.004814228487231743,0.0003885178284314397,0.004425710658800304,,,,,,,,,,,,,,,,
4,x,8.0,0.030680442679881043,0.00038555455452640567,0.030294888125354635,,,,,,,,,,,,,,,,
4,x,9.0,0.03252504605327573,0.0003815576221894155,0.03214348843108632,,,,,,,,,,,,,,,,
4,x,10.0,1.791008196753638e-05,0.00037743155967973334,-0.00035952147771219696,,,,,,,,,,,,,,,,
4,x,11.0,-0.02175534184951562,0.00037264808748086646,-0.022127989936996485,,,,,,,,,,,,,,,,
4,x,12.0,-0.03662319875145978,0.00036723633984371584,-0.036990435091303495,,,,,,,,,,,,,,,,
4,x,13.0,-0.014971496371997033,0.00036107619544230437,-0.015332572567439338,,,,,,,,,,,,,,,,
4,x,14.0,0.010362969350128239,0.00035412766715927605,0.010008841682968962,,,,,,,,,,,,,,,,
4,x,15.0,-0.02724012749073105,0.0003467118655901827,-0.02758683935632123,,,,,,,,,,,,,,,,
4,x,16.0,0.05042425637413093,0.0003381723662725656,0.05008608400785836,,,,,,,,,,,,,,,,
4,x,17.0,0.033632424341809596,0.0003283049723644713,0.03330411936944513,,,,,,,,,,,,,,,,
4,x,18.0,-0.0006471042311451732,0.00031797674998905034,-0.0009650809811342236,,,,,,,,,,,,,,,,
4,x,19.0,0.013996542604215935,0.00030652038448532174,0.013690022219730614,,,,,,,,,,,,,,,,
4,x,20.0,0.028794975021545363,0.00029380497922318246,0.02850117004232218,,,,,,,,,,,,,,,,
4,x,21.0,0.0413522400002112,0.0002801481894073962,0.041072091810803804,,,,,,,,,,,,,,,,
4,x,22.0,0.03316913352073958,0.0002651193857928672,0.032904014134946716,,,,,,,,,,,,,,,,
4,x,23.0,-0.04311792093283682,0.0002494950987289539,-0.04336741603156577,,,,,,,,,,,,,,,,
4,x,24.0,0.047519842470528095,0.00023210244069513152,0.047287740029832964,,,,,,,,,,,,,,,,
4,x,25.0,-0.06662877427066767,0.00021316117951041718,-0.0668419354501781,,,,,,,,,,,,,,,,
4,x,26.0,0.04038088241128939,0.00019333040298702393,0.04018755200830237,,,,,,,,,,,,,,,,
4,x,27.0,0.0380109558071783,0.00017172323597538727,0.03783923257120291,,,,,,,,,,,,,,,,
4,x,28.0,0.002364911977504632,0.00014867740939416803,0.0022162345681104637,,,,,,,,,,,,,,,,
4,x,29.0,-0.017200414922327607,0.00012425533049571197,-0.017324670252823318,,,,,,,,,,,,,,,,
4,x,30.0,0.0034240771439410164,9.825644948765531e-05,0.0033258206944533613,,,,,,,,,,,,,,,,
4,x,31.0,0.006500666574522145,7.051505070713472e-05,0.00643015152381501,,,,,,,,,,,,,,,,
4,x,32.0,0.014466111370642834,4.1461703312495714e-05,0.014424649667330338,,,,,,,,,,,,,,,,
4,x,33.0,-0.10254490845375792,1.0300889482818e-05,-0.10255520934324074,,,,,,,,,,,,,,,,
4,x,34.0,0.060341648117564525,-2.215234218169563e-05,0.06036380045974622,,,,,,,,,,,,,,,,
4,x,35.0,-0.004967375930395258,-5.658258372419735e-05,-0.00491079334667106,,,,,,,,,,,,,,,,
4,x,36.0,0.0775845690167979,-9.228210112458192e-05,0.07767685111792248,,,,,,,,,,,,,,,,
4,x,37.0,-0.02665411795077089,-0.0001301374873831474,-0.026523980463387744,,,,,,,,,,,,,,,,
4,x,38.0,-0.035650582656797464,-0.0001698433928527534,-0.03548073926394471,,,,,,,,,,,,,,,,
4,x,39.0,-0.06715640425714714,-0.00021151314287132854,-0.06694489111427582,,,,,,,,,,,,,,,,
4,x,40.0,0.026631742752081865,-0.0002544010910598822,0.02688614384314175,,,,,,,,,,,,,,,,
4,x,41.0,0.0007421356095357596,-0.00029872650097991453,0.0010408621105156741,,,,,,,,,,,,,,,,
4,x,42.0,-0.032405359561717854,-0.00034500168742581153,-0.032060357874292046,,,,,,,,,,,,,,,,
4,x,43.0,0.009900276976413427,-0.0003930410977159884,0.010293318074129415,,,,,,,,,,,,,,,,
4,x,44.0,0.021746786227178717,-0.00044255703225911443,0.022189343259437833,,,,,,,,,,,,,,,,
4,x,45.0,-0.046031709787971546,-0.0004934844524931848,-0.04553822533547836,,,,,,,,,,,,,,,,
4,x,46.0,0.05125493260498411,-0.0005461216265954907,0.051801054231579595,,,,,,,,,,,,,,,,
4,x,47.0,0.0213182921235848,-0.0005999693636390174,0.021918261487223818,,,,,,,,,,,,,,,,
4,x,48.0,0.04915588221299452,-0.0006550565735556922,0.04981093878655021,,,,,,,,,,,,,,,,
4,x,49.0,-0.03749310592387523,-0.0007118576759455376,-0.03678124824792969,,,,,,,,,,,,,,,,
4,x,50.0,2.4493221964710498e-05,-0.0007700223948841275,0.000794515616848838,,,,,,,,,,,,,,,,
4,x,51.0,0.02610982067839531,-0.0008292334529459768,0.02693905413134129,,,,,,,,,,,,,,,,
4,x,52.0,-0.08585334353837991,-0.0008896341155967581,-0.08496370942278315,,,,,,,,,,,,,,,,
4,x,53.0,0.016205328549063196,-0.0009508507033732042,0.0171561792524364,,,,,,,,,,,,,,,,
4,x,54.0,0.0156576118893978,-0.0010128135115471443,0.016670425400944943,,,,,,,,,,,,,,,,
4,x,55.0,-0.0021469058036616144,-0.0010761720315019673,-0.0010707337721596471,,,,,,,,,,,,,,,,
4,x,56.0,-0.029007428764024436,-0.0011402760537117412,-0.027867152710312693,,,,,,,,,,,,,,,,
4,x,57.0,-0.019522100872016657,-0.0012049757449831104,-0.018317125127033547,,,,,,,,,,,,,,,,
4,x,58.0,0.07614781252111388,-0.0012702255931826556,0.07741803811429654,,,,,,,,,,,,,,,,
4,x,59.0,-0.014130277010895042,-0.0013355748391955145,-0.012794702171699528,,,,,,,,,,,,,,,,
4,x,60.0,0.007449810727423266,-0.0014014596285565762,0.008851270355979842,,,,,,,,,,,,,,,,
4,x,61.0,0.04142517867896264,-0.0014676862714023665,0.04289286495036501,,,,,,,,,,,,,,,,
4,x,62.0,0.04675563362384258,-0.0015340008505634784,0.04828963447440606,,,,,,,,,,,,,,,,
4,x,63.0,-0.0012786910810105535,-0.001599763087621796,0.0003210720066112425,,,,,,,,,,,,,,,,
4,x,64.0,-0.0377791947591351,-0.001665993290441448,-0.03611320146869365,,,,,,,,,,,,,,,,
4,x,65.0,0.03295029830068293,-0.0017319424532354656,0.034682240753918396,,,,,,,,,,,,,,,,
4,x,66.0,-0.028208536046677404,-0.0017974938907221148,-0.02641104215595529,,,,,,,,,,,,,,,,
4,x,67.0,0.027898960690857014,-0.0018625829948606982,0.029761543685717713,,,,,,,,,,,,,,,,
4,x,68.0,-0.006261470811643889,-0.001927069969929501,-0.004334400841714388,,,,,,,,,,,,,,,,
4,x,69.0,-0.004497288758050948,-0.0019907578900940285,-0.0025065308679569193,,,,,,,,,,,,,,,,
4,x,70.0,-0.010855095179036805,-0.002053086542566339,-0.008802008636470467,,,,,,,,,,,,,,,,
4,x,71.0,-0.08311531857733503,-0.002115042522148279,-0.08100027605518675,,,,,,,,,,,,,,,,
4,x,72.0,0.04710037411158436,-0.0021761731758614218,0.04927654728744578,,,,,,,,,,,,,,,,
4,x,73.0,-0.029887872308040617,-0.0022354511052296846,-0.02765242120281093,,,,,,,,,,,,,,,,
4,x,74.0,0.02517876214563538,-0.0022937535289301245,0.027472515674565504,,,,,,,,,,,,,,,,
4,x,75.0,-0.014101275413386965,-0.0023505770408048473,-0.011750698372582118,,,,,,,,,,,,,,,,
4,x,76.0,-0.010794657462911693,-0.0024060913371821233,-0.00838856612572957,,,,,,,,,,,,,,,,
4,x,77.0,-0.014896970826485318,-0.0024596193497519276,-0.012437351476733392,,,,,,,,,,,,,,,,
4,x,78.0,-0.019555199966153552,-0.0025116053589622524,-0.0170435946071913,,,,,,,,,,,,,,,,
4,x,79.0,0.01944009446983367,-0.002561671104573611,0.02200176557440728,,,,,,,,,,,,,,,,
4,x,80.0,-0.014778536956573269,-0.0026095310835565133,-0.012169005873016756,,,,,,,,,,,,,,,,
4,x,81.0,-0.0196836406026461,-0.002655588178687632,-0.017028052423958467,,,,,,,,,,,,,,,,
4,x,82.0,-0.076400758935355,-0.002699224275153203,-0.0737015346602018,,,,,,,,,,,,,,,,
4,x,83.0,0.03174874628533058,-0.0027413761294466923,0.03449012241477727,,,,,,,,,,,,,,,,
4,x,84.0,0.01162614229787114,-0.002780940182596051,0.014407082480467192,,,,,,,,,,,,,,,,
4,x,85.0,0.020699369469257402,-0.0028177465859310284,0.02351711605518843,,,,,,,,,,,,,,,,
4,x,86.0,-0.05272189041664944,-0.0028527051381917416,-0.0498691852784577,,,,,,,,,,,,,,,,
4,x,87.0,-0.05150658569624288,-0.0028855006388317094,-0.048621085057411174,,,,,,,,,,,,,,,,
4,x,88.0,0.0800861719553393,-0.0029156885907704218,0.08300186054610972,,,,,,,,,,,,,,,,
4,x,89.0,-0.026380525688012007,-0.0029424863379674884,-0.02343803935004452,,,,,,,,,,,,,,,,
4,x,90.0,-0.04251581828765198,-0.0029671723986008473,-0.03954864588905113,,,,,,,,,,,,,,,,
4,x,91.0,0.013389530039808941,-0.0029894534478985962,0.016378983487707537,,,,,,,,,,,,,,,,
4,x,92.0,0.02963639532932642,-0.0030086388654781767,0.0326450341948046,,,,,,,,,,,,,,,,
4,x,93.0,-0.03954765615756382,-0.0030255344944156506,-0.036522121663148166,,,,,,,,,,,,,,,,
4,x,94.0,-0.028113409296914606,-0.0030394298704078827,-0.025073979426506722,,,,,,,,,,,,,,,,
4,x,95.0,0.0437290595416572,-0.0030503301366580702,0.04677938967831527,,,,,,,,,,,,,,,,
4,x,96.0,0.046564386352336326,-0.0030585708588224906,0.049622957211158815,,,,,,,,,,,,,,,,
4,x,97.0,0.008785336559185933,-0.003064176823873591,0.011849513383059524,,,,,,,,,,,,,,,,
4,x,98.0,-0.09018212023326545,-0.003067258983525474,-0.08711486124973998,,,,,,,,,,,,,,,,
4,x,99.0,0.00734851873217365,-0.003067473374154999,0.01041599210632865,0.03833160757309593,0.0014693121391378251,-0.20935900539269123,-0.0680301932887275,-0.11690301042695461,-30.960479429337692,-0.30844187685679125,-0.12812018064140054,1.7378965150666596e-08,0.9997807222446851,0.0002192603763498152,0.0005727449705571337,"{'sigma': 0.062014387006637486, 'lam': -3.141592652272353}","{'sigma': 0.0781853827149468, 'mu': -0.7415735697650176, 'w0': 5.2102573173802655, 'delta': 1.9999951454668856, 'psi': 0.1}",{'sigma': 0.018551623300924646},0.00013476352248403164
4,x,100.0,-0.0417554858366859,-0.0030652307211047223,-0.03869025511558118,0.03852207581442231,0.0014839503250521004,-0.21093581364332492,-0.0457679533478752,-0.12076746915158428,-23.904985244656224,-0.28723910243102635,-0.1866375226594479,,,,,,,,
4,x,101.0,0.023198607926893006,-0.003059202907683213,0.02625781083457622,0.0384019154737208,0.0014747071120507968,-0.20261689176909117,-0.03623341578736396,-0.12571830190808594,-21.549934735982593,-0.2875947627949553,-0.16499372813439442,,,,,,,,
4,x,102.0,-0.06337794062456227,-0.003051290773160613,-0.06032664985140166,0.03833051232508107,0.0014692281751031919,-0.22649809946827715,-0.03364756520874151,-0.15160664451655148,-21.623133851844372,-0.2834948600635628,-0.16242388780183642,,,,,,,,
4,x,103.0,0.02226162436126957,-0.0030407425490810184,0.02530236691035059,0.03831968922636883,0.0014683985824054877,-0.24069880143651295,-0.03774269335382952,-0.15544479487314886,-29.97782264995528,-0.3192015046191784,-0.14235731981689162,,,,,,,,
4,x,104.0,0.05128979024278626,-0.003027046910298965,0.054316837153085225,0.03858051542204657,0.0014884561702307733,-0.2400126358099487,-0.05698170432369675,-0.14352949250005137,-82.47815905828045,-0.34601752037263056,-0.15434250176457814,,,,,,,,
4,x,105.0,-0.07186944279951746,-0.0030108287394768813,-0.06885861406004058,0.03895291771918042,0.00151732979883724,-0.2572918549126622,-0.06708979907017892,-0.10269369942236532,-51.73950142187271,-0.359904094649601,-0.183895194769125,,,,,,,,
4,x,106.0,-0.02140022594064771,-0.002991681893344943,-0.018408544047302768,0.038979933143277384,0.0015194351878543746,-0.24459943657988314,-0.07563924818850579,-0.1085120844217887,-35.633300789844704,-0.3364918400858396,-0.20289016183872463,,,,,,,,
4,x,107.0,0.06506146423180618,-0.0029710748387065805,0.06803253907051277,0.0395643118740566,0.0015653347740676165,-0.2505123722555496,-0.10553885191124461,-0.08132046956878715,-80.50586718658862,-0.31906730964148067,-0.2574068979407436,,,,,,,,
4,x,108.0,-0.00623127914659046,-0.0029477494874851806,-0.0032835296591052798,0.039454029634207494,0.0015566204543769231,-0.25610630231605297,-0.10520075318911346,-0.07429201081950845,-45.84673652422894,-0.30000239666386996,-0.24000263946817021,,,,,,,,
4,x,109.0,0.01809108095220024,-0.0029213206809877547,0.021012401633187995,0.03937945991488756,0.0015507418631882362,-0.2569386626496265,-0.09009861534223013,-0.06904326366052883,-39.18731722405971,-0.2969506152300477,-0.2255652607815946,,,,,,,,
4,x,110.0,0.010099259992175771,-0.0028933803222232347,0.012992640314399007,0.03939955763799656,0.001552325142069813,-0.25529517352640646,-0.09088980982244087,-0.06273869226365718,-43.57925792645135,-0.3065324983553481,-0.22704562309319326,,,,,,,,
4,x,111.0,-0.004514885585322254,-0.002862634880140286,-0.001652250705181968,0.039333852371351626,0.0015471519423712837,-0.2626508527738465,-0.09382552954056486,-0.06149036784636216,-53.757895421273474,-0.32204275351729744,-0.20221587076096262,,,,,,,,
4,x,112.0,0.024050105033900513,-0.0028295576204647034,0.026879662654365217,0.03923378494963642,0.001539289881474317,-0.26814608563702347,-0.0898487726712424,-0.06555728749503617,-313.99063588561967,-0.36214514224653804,-0.1567814602502433,,,,,,,,
4,x,113.0,-0.030159933291743813,-0.0027952458077090503,-0.027364687484034762,0.03930387282995144,0.0015447944194329946,-0.2710231918316302,-0.09255231536844762,-0.06284525598768,-141.97506176281505,-0.35407292176329563,-0.17953268030089312,,,,,,,,
4,x,114.0,0.07332438834593083,-0.002758203494932111,0.07608259184086294,0.04000201142412308,0.0016001609179756733,-0.27843967003698517,-0.08177258586421066,-0.0651811603044175,113.39154228466468,-0.3190193763963102,-0.22595240005654185,,,,,,,,
4,x,115.0,-0.024870779905041114,-0.0027189103063453256,-0.02215186959869579,0.03996522234865942,0.0015972189973777863,-0.27818987824121777,-0.07143711109750585,-0.06942676870360158,106.15744637397165,-0.32217145878301934,-0.21533967770167978,,,,,,,,
4,x,116.0,-0.044407621675238956,-0.002678599338819065,-0.04172902233641989,0.03990284993228981,0.001592237432718841,-0.2824194525404426,-0.09008500522941998,-0.06550539569587496,-69.77882224527563,-0.28484714115493964,-0.23529075647711917,,,,,,,,
4,x,117.0,0.018999006437398262,-0.00263650422012356,0.021635510657521822,0.03982451408624083,0.0015859919222051947,-0.28663170854763953,-0.09594445455921391,-0.060204773276772074,-55.45186040179983,-0.2816190166263004,-0.22008862983372657,,,,,,,,
4,x,118.0,-0.027523658090196187,-0.0025924105795876277,-0.02493124751060856,0.039907981241933635,0.0015926469668065266,-0.28904277801956646,-0.08815289449450979,-0.055912468286151026,-40.43577782267729,-0.26427128438438807,-0.24899997109804814,,,,,,,,
4,x,119.0,-0.0932415159435389,-0.0025465543567182295,-0.09069496158682067,0.040916602793510615,0.0016741683841619206,-0.26989788740701803,-0.10145512372496271,-0.033060042671317166,-19.86891127415348,-0.282208140109212,-0.2865802525676157,0.00034952443759591755,0.0034376782350684465,0.9962127973273356,0.0007618999740619407,"{'sigma': 0.06558606425743758, 'lam': -3.1415926469736424}","{'sigma': 0.01556328871405599, 'mu': -0.3825061544850141, 'w0': 1.6558640819094945, 'delta': 1.5543122344752192e-15, 'psi': 0.1}",{'sigma': 0.01956736985334026},0.00015237999481238816
4,x,120.0,0.016716635251751797,-0.002499455579500723,0.01921609083125252,0.04086093001208128,0.0016696156014522042,-0.2831656005763564,-0.11095329162068855,-0.023071576863096206,-18.742589225065146,-0.2789069865908488,-0.27603353386563606,,,,,,,,
4,x,121.0,0.02771835892517456,-0.002451015696362236,0.030169374621536797,0.04076342380322415,0.0016616567201612608,-0.289340456961691,-0.11541379729575225,-0.04074427856883105,-17.5973676831018,-0.2792539744121608,-0.2602827306244556,,,,,,,,
4,x,122.0,-0.06851731398768386,-0.0024009248922563825,-0.06611638909542748,0.04114302693526497,0.0016927486653959389,-0.29094561385777684,-0.13324507041250058,0.01043626793040529,-12.342977608979126,-0.24513595204720195,-0.32721645107687614,,,,,,,,
4,x,123.0,-0.003838461097556786,-0.0023504041520978633,-0.0014880569454589227,0.040925727288639295,0.0016749151541040751,-0.27831765896617605,-0.15280203112234242,0.02148823597245599,-13.917853940918508,-0.26939917632522864,-0.26887868368341017,,,,,,,,
4,x,124.0,0.00046762666088952243,-0.002298761429666982,0.0027663880905565044,0.040634713845462085,0.0016511799693025883,-0.26429166076055133,-0.16677514033597818,0.010493481566522017,-11.912697779743125,-0.25912509367283965,-0.22134008507636363,,,,,,,,
4,x,125.0,0.02078234862765832,-0.0022468212838412604,0.02302916991149958,0.040168009253155876,0.0016134689673616162,-0.25112591957691893,-0.15324484608427338,0.0019019951602759818,-15.833308449184596,-0.2901981465676405,-0.13492719710412854,,,,,,,,
4,x,126.0,0.021370789577521872,-0.002193512827092338,0.02356430240461421,0.040031311828401035,0.0016025059267026807,-0.2591675562946927,-0.15409293859717071,0.0060713606773810675,-14.679444368267731,-0.2891494686099844,-0.10964397582737166,,,,,,,,
4,x,127.0,-0.02986439476775052,-0.002139756007911392,-0.027724638759839125,0.039927986596407505,0.0015942441136428975,-0.2643863913581234,-0.15445130784523387,0.004199946857001791,-11.723577039772538,-0.25364969697806,-0.1049695117748478,,,,,,,,
4,x,128.0,0.03163787247972227,-0.0020860674154479517,0.033723939895170224,0.040081692573606616,0.0016065420795651115,-0.26846781743867054,-0.14814921340562726,0.009469041349687376,-12.875353422903254,-0.26781517905545393,-0.135761674364098,,,,,,,,
4,x,129.0,-0.0400850515008807,-0.002031495748669399,-0.0380535557522113,0.040219327711464865,0.0016175943215622057,-0.27415456885740996,-0.1404572997258704,0.005268958979071685,-12.034861202569939,-0.2565669387586625,-0.17441855709842316,,,,,,,,
4,x,130.0,0.0867423068526314,-0.0019765397541717114,0.08871884660680311,0.041214889504246816,0.0016986671168472743,-0.2867815104899525,-0.11781608591882999,-0.006748856709858192,-16.428654068642178,-0.19411756303532746,-0.1870350079903346,,,,,,,,
4,x,131.0,0.03927263710718283,-0.001921884598125952,0.04119452170530878,0.04142043485807421,0.0017156524238319689,-0.2571322340578772,-0.1250745558611909,-0.0005820389512615131,-18.99148709006332,-0.20643662215317699,-0.2264646053456504,,,,,,,,
4,x,132.0,-0.043559550868667855,-0.001867467454588753,-0.0416920834140791,0.04160006232047554,0.0017305651850674489,-0.26412861530390636,-0.15177523194482592,0.009514468769090168,-15.065626563487845,-0.17315258391972124,-0.2760866657440633,,,,,,,,
4,x,133.0,-0.062250855879468416,-0.0018134675815873944,-0.06043738829788102,0.04076383476782215,0.0016616902249783063,-0.2170374039941489,-0.1723513405712921,0.026977452460938762,-17.28514402592816,-0.08749130540044166,-0.40269012361053147,,,,,,,,
4,x,134.0,-0.06392452877918206,-0.0017593966933614328,-0.062165132085820626,0.04076229520907492,0.0016615647107117721,-0.19074914972569942,-0.18900101832035873,0.020558894663927112,-11.31978474388245,-0.06545960723837828,-0.41222115930442066,,,,,,,,
4,x,135.0,0.04529077533986529,-0.0017061641818312799,0.04699693952169657,0.041048742616432425,0.0016849992703901154,-0.20734455894709253,-0.2047636241619495,0.006531580241993911,-13.248382996966013,-0.08574085947624716,-0.4617564968325897,,,,,,,,
4,x,136.0,0.06170327871025556,-0.001654373616801229,0.0633576523270568,0.04079555468197252,0.00166427728180981,-0.1758702192870366,-0.21187640036708488,0.015695140832602407,-12.52469536864256,-0.11011069330059146,-0.4796579429630424,,,,,,,,
4,x,137.0,-0.07679809503205504,-0.0016019247106120627,-0.07519617032144298,0.04138694539677145,0.0017128792492753413,-0.2057501942776769,-0.24253191099023735,0.04759341137353318,-11.01112240689839,-0.12602712813975872,-0.5246891394160134,,,,,,,,
4,x,138.0,-0.03270057627284116,-0.0015513358466827097,-0.03114924042615845,0.04135346035233193,0.001710108683111889,-0.20543180372560824,-0.24625015332551137,0.03867944813276112,-11.089248479676023,-0.12764098306127378,-0.5178337499271072,,,,,,,,
4,x,139.0,0.09607974655530666,-0.001501876926277032,0.09758162348158368,0.04199657119603684,0.0017637119922237917,-0.20889043392053805,-0.28116946070483834,0.06305078658471157,-20.029006517527396,-0.06718934790008915,-0.39931811160481695,2.2952466294135865e-05,0.9915832814404919,0.00839376609321399,0.0004361389555394296,"{'sigma': 0.06480625417561055, 'lam': -3.141592580557556}","{'sigma': 0.01667086716777777, 'mu': -0.40013233022689254, 'w0': 1.7321680874697538, 'delta': 5.239817850721806e-07, 'psi': 0.1}",{'sigma': 0.01912498760021652},0.00015859598383251996
4,x,140.0,-0.02249051493506393,-0.001452957441362002,-0.021037557493701925,0.041960244558429755,0.001760662123403234,-0.21511510898788966,-0.2725400667560973,0.06966803319258442,-16.2133232682175,-0.036408464825909155,-0.39366648543265054,,,,,,,,
4,x,141.0,-0.053613036313449804,-0.0014060411860684682,-0.052206995127381334,0.04227759501749601,0.0017873950404634035,-0.2074823667401455,-0.29212397923101274,0.07788944450548568,-13.50048228434785,-0.015931593390592313,-0.4515799827127805,,,,,,,,
4,x,142.0,0.08756201262667544,-0.0013609327499344089,0.08892294537660986,0.04310272472250025,0.0018578448785036344,-0.22579207970411422,-0.29298041863486046,0.11615261194506664,-22.3111910706159,-0.003538259297782845,-0.45233123141414433,,,,,,,,
4,x,143.0,-0.06190460524633971,-0.001317441603062012,-0.060587163643277694,0.043516081530913193,0.0018936493518050843,-0.24935678335265082,-0.26955290583805547,0.11981093226849988,-16.421553668460408,0.018189011514244194,-0.5108415331824181,,,,,,,,
4,x,144.0,0.03605303407219394,-0.0012753486330372098,0.03732838270523115,0.0436220084069246,0.0019028796174538009,-0.25438289168198946,-0.2530173404977923,0.10493779905552518,-17.400954548029272,0.012702991617949586,-0.5308103650576238,,,,,,,,
4,x,145.0,0.011471221289074483,-0.001235272014852859,0.012706493303927343,0.043400779435472575,0.0018836276556065392,-0.24127487423362545,-0.25095895075127883,0.12321446968343437,-22.46597229572224,-0.016268929212552578,-0.4909344564158112,,,,,,,,
4,x,146.0,-0.04427937440413771,-0.0011975935740884,-0.043081780830049314,0.04329914177613404,0.0018748156785497558,-0.25136106801194924,-0.2755351266395198,0.14691740596501848,-14.996993129055202,0.022979755028005738,-0.47821382184522904,,,,,,,,
4,x,147.0,0.03695211722465639,-0.0011616139481511651,0.03811373117280756,0.0434147761846754,0.0018848427911654583,-0.26639729180063026,-0.26839771499531495,0.1538375021343595,-15.897898751844373,0.017289135424738325,-0.5002465515223175,,,,,,,,
4,x,148.0,0.0054783985690867705,-0.0011279967486982625,0.006606395317785033,0.04312253625241172,0.0018595531328405629,-0.2565150347888757,-0.2710355571411523,0.14795609671353627,-13.613524016101836,0.031944126981611025,-0.4485048816032785,,,,,,,,
4,x,149.0,-0.011082168761805455,-0.0010971663815364221,-0.009985002380269033,0.04298085665967921,0.0018473540391998908,-0.25741185089515256,-0.2678867168248904,0.13599384637799272,-14.803040575967604,0.019036718828770352,-0.41934871404669305,,,,,,,,
4,x,150.0,-0.01637159559422485,-0.0010688486194505061,-0.015302746974774344,0.04300528649983735,0.0018494546669330925,-0.25724737652377044,-0.2729751215115954,0.1320217079348219,-14.019761556236835,0.030059975650030196,-0.4248975883537219,,,,,,,,
4,x,151.0,-0.08459165302439334,-0.0010428667143554454,-0.0835487863100379,0.04369722019765188,0.0019094470530020757,-0.23849567487657733,-0.26711322410624166,0.12381910454580691,-10.467676098687834,0.033611756747820895,-0.45471193097154267,,,,,,,,
4,x,152.0,-0.004558568670294165,-0.0010202373920921019,-0.0035383312782020625,0.042886398959393265,0.0018392432157042476,-0.22935142968837102,-0.26382641877823915,0.12660638547630976,-12.757949282143915,0.05209790150077225,-0.4063183506393627,,,,,,,,
4,x,153.0,-0.01299089026237571,-0.0009996134338413356,-0.011991276828534373,0.04285965891057109,0.001836950361930496,-0.23140868693090183,-0.25428608574005246,0.1303226991068283,-11.73110565291735,0.07204290034350401,-0.39817594821518515,,,,,,,,
4,x,154.0,0.02786845819063331,-0.0009818420971647,0.02885030028779801,0.04292894468899096,0.001842894292110445,-0.23275558686469697,-0.25207324592206054,0.11578340606634624,-12.156363149459443,0.0658600810012365,-0.41403656361919366,,,,,,,,
4,x,155.0,-0.02691183303776322,-0.0009677033964424079,-0.025944129641320812,0.04299939745341901,0.0018489481813570973,-0.23626406710135606,-0.25030599395103137,0.11769121141437758,-11.378372754339244,0.0813129499256975,-0.4286545517707374,,,,,,,,
4,x,156.0,-0.021711973670189337,-0.0009560692324987964,-0.020755904437690542,0.04296135487861585,0.0018456780130063698,-0.23612021730948848,-0.2458182239985527,0.11731228577343243,-11.592091559377565,0.07790611962742329,-0.42083682578360876,,,,,,,,
4,x,157.0,0.1220790232852974,-0.0009471031797377863,0.12302612646503519,0.04469311204451421,0.001997474264223501,-0.2360623513334472,-0.2531459585255245,0.13328634828080946,-19.515956712018024,0.19591460048203754,-0.19688700974009066,,,,,,,,
4,x,158.0,-0.0032571396328465825,-0.0009419871462459643,-0.0023151524866006183,0.04400210189473328,0.0019361849711544902,-0.22644350995688653,-0.2614083840635362,0.11725261525921045,-14.267265480202202,0.20441215267840143,-0.10066412396063973,,,,,,,,
4,x,159.0,-0.05030544969667931,-0.0009399924659564661,-0.04936545723072284,0.04425324084929974,0.0019583493256661315,-0.22422864061144143,-0.27904450122294977,0.12510262518595508,-12.842356177224564,0.21290843867507422,-0.1457365414417832,1.123268802728058e-11,0.9999999887559566,1.1232810652887627e-08,0.0001741799483671628,"{'sigma': 0.07347937552958063, 'lam': -3.141592645603517}","{'sigma': 0.022034948521187703, 'mu': -0.4680753098227468, 'w0': 2.0262919642750505, 'delta': 1.4105548462595152e-07, 'psi': 0.1}",{'sigma': 0.021770736953478375},0.00016256795180935195
4,x,160.0,0.06522445028241083,-0.0009404375534081175,0.06616488783581895,0.044753862005723656,0.0020029081644273553,-0.240388932536969,-0.2806275541243982,0.16243614406400295,-15.60381794735472,0.20176869604263917,-0.23195509162485425,,,,,,,,
4,x,161.0,0.03472061209828516,-0.0009449951415433567,0.03566560723982852,0.0446885584111156,0.0019970672528636913,-0.2379253130693195,-0.2889996332298914,0.17095189579090253,-15.225145576469943,0.20359417406996744,-0.21884732000399412,,,,,,,,
4,x,162.0,-0.039587216066351204,-0.0009526101434017679,-0.038634605922949435,0.04457004705923367,0.0019864890948623035,-0.24519167611489995,-0.29136797101288947,0.17087610850788723,-11.733253126664387,0.2448695005846527,-0.18083811742784955,,,,,,,,
4,x,163.0,-0.03615637235481501,-0.0009629560513972751,-0.035193416303417734,0.044695652701690146,0.0019977013704301017,-0.23771452610254604,-0.29719153755139766,0.15714659919359156,-10.776824025229285,0.26277035811113136,-0.20173116002570074,,,,,,,,
4,x,164.0,0.08376137105892321,-0.0009764814227506708,0.08473785248167388,0.045391982101575,0.002060432039109705,-0.24238340059751207,-0.31258052631754435,0.17617551469217274,-15.481678461805409,0.2456028165844648,-0.2672938458691297,,,,,,,,
4,x,165.0,0.006552037562522653,-0.0009938773374340226,0.007545914899956675,0.045258772127095864,0.0020483564544523892,-0.23088256531818893,-0.3204972525282429,0.17504457929323952,-14.161230307175687,0.26123947817838694,-0.231615230893783,,,,,,,,
4,x,166.0,0.01216176594949418,-0.0010139152029415871,0.013175681152435767,0.04520779441266666,0.002043744675657935,-0.22717909967838526,-0.30925413531204266,0.1721441803020654,-16.19039420662306,0.2374585775986023,-0.2287936366117556,,,,,,,,
4,x,167.0,-0.022874861221140283,-0.0010365035112102241,-0.02183835770993006,0.04515158117940821,0.002038665283000689,-0.228308766741736,-0.31024874024678645,0.1614859472917709,-13.682303613488093,0.26911715121551544,-0.20421562597900544,,,,,,,,
4,x,168.0,0.02157205796681233,-0.0010624996854763208,0.02263455765228865,0.04521298465565403,0.0020442139814724064,-0.2302129567682916,-0.30819207846993196,0.16360521275588913,-14.962946471091815,0.25126980210406963,-0.2255221156672525,,,,,,,,
4,x,169.0,-0.006209222754289435,-0.0010918591850752341,-0.005117363569214201,0.04521467585463073,0.002044366912639327,-0.23047717528596048,-0.3130168167549826,0.16458030296365492,-14.879207485005086,0.25300134714685535,-0.22534399408692649,,,,,,,,
4,x,170.0,0.022138254794252788,-0.001123926415467359,0.023262181209720147,0.04527191118147394,0.002049545942023265,-0.23768649257529903,-0.30941048252924763,0.16093873922272586,-16.712600287324747,0.2319874718394597,-0.2461172720926454,,,,,,,,
4,x,171.0,0.0006517671633371549,-0.001159222815262189,0.001810989978599344,0.04453790640441032,0.0019836251068880138,-0.222160163300067,-0.32653787737534623,0.1753688872487312,-23.802065943315245,0.24734744557700167,-0.18905180346726128,,,,,,,,
4,x,172.0,-0.0035370527882971057,-0.0011968578111488095,-0.002340194977148296,0.04426191418056933,0.0019591170469280845,-0.21699471765695902,-0.3361087453320541,0.17953912850446882,-18.61658792041714,0.2736720613949389,-0.11970384621340983,,,,,,,,
4,x,173.0,-0.07781031302472234,-0.0012370966219839596,-0.07657321640273838,0.04483401446547137,0.002010088853090096,-0.20986740412146587,-0.33425340948803844,0.1667657771719496,-15.693915465232935,0.2483113011340321,-0.1696225101830717,,,,,,,,
4,x,174.0,-0.01046760313099761,-0.00127920232425471,-0.0091884008067429,0.044750452479960935,0.0020026029971612416,-0.20259785668881952,-0.333757498363627,0.16867560753916902,-13.926891675783475,0.2721213485399549,-0.14056047365100696,,,,,,,,
4,x,175.0,0.049062557709460455,-0.0013243415180954291,0.05038689922755588,0.04503226746795446,0.00202790511330539,-0.20382366630564364,-0.34704345390157715,0.16623425824136026,-17.44353482389437,0.2403846381447369,-0.2104312541612837,,,,,,,,
4,x,176.0,0.03356086430589457,-0.001371638833883853,0.03493250313977842,0.04516406036894346,0.002039792349009569,-0.19351199089966278,-0.34829748975774144,0.151036846495278,-21.123979612285847,0.21396527137180987,-0.24899793954496657,,,,,,,,
4,x,177.0,-0.0225978050217698,-0.0014207579794231124,-0.021177047042346686,0.04519663130329202,0.0020427354811657157,-0.1976366205859962,-0.35026301564060275,0.1511278180027478,-20.40429026165946,0.21858628785033213,-0.2550024319447308,,,,,,,,
4,x,178.0,-0.03885728793273289,-0.0014719178501888081,-0.03738537008254408,0.045318900389374646,0.0020538027325020616,-0.19137051352639106,-0.35578796100912613,0.13906784039663225,-18.819545974861224,0.22539094806736593,-0.2767532205921363,,,,,,,,
4,x,179.0,0.023470756577118786,-0.0015251558239129733,0.02499591240103176,0.04533482663595299,0.002055246506111913,-0.1940678293113803,-0.35632767917683444,0.15305305269443537,-19.146638006210118,0.22369925972880533,-0.28091061125956973,3.283562615313144e-18,0.9999999999999991,7.818205843845858e-16,0.00042844901551708476,"{'sigma': 0.07863478738671743, 'lam': -3.141592653589793}","{'sigma': 0.022859976015852324, 'mu': -0.4323487482947056, 'w0': 1.8716321286372977, 'delta': 1.1758221984958794e-07, 'psi': 0.1}",{'sigma': 0.02319549499921107},0.00023369946300931904
4,x,180.0,0.06629475316972545,-0.0015790553922426682,0.06787380856196812,0.04582806460727465,0.0021002115056485394,-0.184426007843002,-0.3727665139630177,0.14664517104856648,-29.432874536243393,0.19727113368655097,-0.3636535537994129,,,,,,,,
4,x,181.0,-0.0015310133792192059,-0.0016351792880125512,0.0001041659087933453,0.045794093251948664,0.00209709897676817,-0.1915911386693502,-0.37083934009483105,0.14759185200759853,-33.29243728094307,0.1868305451284965,-0.3587732636944631,,,,,,,,
4,x,182.0,0.04554370531386493,-0.0016919833141464688,0.0472356886280114,0.04540687710853937,0.0020617844887499967,-0.1817462878439121,-0.34984251037010256,0.16283784849243516,-290.94711059767695,0.16644530813680902,-0.3523815742649766,,,,,,,,
4,x,183.0,0.011556759475795614,-0.0017502461439101728,0.013307005619705787,0.045302245345503006,0.0020522934333441485,-0.18074532227357393,-0.3548363120059704,0.1750481650616222,-126.54767088250196,0.17821970507382853,-0.3264983328080202,,,,,,,,
4,x,184.0,-0.026200304745921252,-0.001808530182980871,-0.02439177456294038,0.04535768669210367,0.002057319742059038,-0.1835939017848855,-0.35738248470716366,0.1794684419004122,-61.606358769237694,0.20157930339556737,-0.3321931127381701,,,,,,,,
4,x,185.0,0.03139668110390885,-0.0018674755031415152,0.033264156607050364,0.04541650665642166,0.0020626590768727934,-0.1826440075505244,-0.35163894477784746,0.17944142384217357,-72.1725236094125,0.19662679057445095,-0.346220323445925,,,,,,,,
4,x,186.0,-0.09181602770661404,-0.001927457263699561,-0.08988857044291448,0.04604413822129396,0.0021200626645416234,-0.20763026205084706,-0.3192836765247429,0.16534212967612893,-45.13165122000733,0.1493420275417833,-0.339158274490539,,,,,,,,
4,x,187.0,0.03343827687064106,-0.0019865310514360366,0.0354248079220771,0.04589747377050681,0.0021065780985143607,-0.20268226342896087,-0.3208072264561004,0.15143389711329897,-268.7682318511568,0.11205854572782363,-0.32561801620851055,,,,,,,,
4,x,188.0,0.08655905064571603,-0.0020460416961183663,0.0886050923418344,0.04600095552005896,0.0021160879087584426,-0.17751739779361625,-0.33725653670539163,0.15869944313877862,-433.80378961359156,0.12015072042071068,-0.3191363600822837,,,,,,,,
4,x,189.0,-0.03660267514464781,-0.002105697038014498,-0.03449697810663331,0.04607552378751103,0.0021229538922934946,-0.19495493005088485,-0.34033844639035915,0.17550062860252005,-221.23781947303576,0.12356647633347777,-0.3326785571253152,,,,,,,,
4,x,190.0,-0.06906035189887764,-0.0021644685067806523,-0.066895883392097,0.04640287111186938,0.002153226447424762,-0.17825379376495687,-0.35473674870834215,0.15538688950369398,-97.95674752012732,0.11294577742742228,-0.36262853077181145,,,,,,,,
4,x,191.0,-0.04124779968301189,-0.0022216785338534627,-0.03902612114915843,0.046553174746490816,0.0021671980789773103,-0.16545116155655332,-0.34408604062922016,0.13740896440399333,-45.636740895887336,0.1411816119780598,-0.38561498586023585,,,,,,,,
4,x,192.0,-0.03260407168500553,-0.002278312873221079,-0.03032575881178445,0.04654507775998821,0.002166444263683349,-0.15407673462916294,-0.3269436953689524,0.13635054228934365,-28.33819319133081,0.17629084864251907,-0.37512239289885313,,,,,,,,
4,x,193.0,0.05830077175292075,-0.0023343280360306603,0.06063509978895141,0.04678311507246588,0.002188659855883584,-0.16630856738393057,-0.3288146216860253,0.12426959862420554,-70.45634528951899,0.13719846131279667,-0.4189489385239736,,,,,,,,
4,x,194.0,0.03310255680669943,-0.0023880256613552373,0.035490582468054664,0.046831234129301784,0.00219316449007348,-0.15063259829003878,-0.3286144461173461,0.11844718147504602,-903.3492034113815,0.10304739878284826,-0.4345302291803673,,,,,,,,
4,x,195.0,-0.05624027524955549,-0.0024406903546021165,-0.05379958489495337,0.046936042270222,0.0022029920639920664,-0.16964302858833072,-0.342852077125523,0.14763271578157136,-44.63573384591571,0.14175401592465084,-0.43632366619467544,,,,,,,,
4,x,196.0,0.024602838928940857,-0.00249122682281243,0.027094065751753285,0.04675315592977329,0.002185857589393695,-0.17851223699040708,-0.32492491920586386,0.15226734858888263,-36.78018616350248,0.1482832824101934,-0.4033487712856855,,,,,,,,
4,x,197.0,0.04120502580644662,-0.0025390783108906797,0.0437441041173373,0.04693910682262335,0.0022032797493056464,-0.170721384684628,-0.3327223417994606,0.16093188597744118,-49.5685334490047,0.13358977780742584,-0.4421674518610495,,,,,,,,
4,x,198.0,-0.04953281156212786,-0.0025847813134807283,-0.04694803024864713,0.04634630176131071,0.002147979686950472,-0.17825274935110744,-0.3607167859188064,0.1851451884977537,-85.75333606836404,0.17153089522861972,-0.43807277681328005,,,,,,,,
4,x,199.0,-0.031216765787996346,-0.0026280871627637984,-0.028588678625232546,0.04643301765199244,0.0021560251282702414,-0.16909650822168007,-0.3660622979266177,0.18517157720437769,-50.13750372495853,0.19345540489734753,-0.44970100126517915,2.2688927801406854e-15,0.9999999999996876,3.102080809722362e-13,0.00032779968586678105,"{'sigma': 0.07852728444243007, 'lam': -3.141592529893258}","{'sigma': 0.022943683300456152, 'mu': -0.44490514967561856, 'w0': 1.9259885065109328, 'delta': 8.911538174061207e-12, 'psi': 0.1}",{'sigma': 0.02299531668980414},0.0001787998286546079
4,x,200.0,-0.023387557905578255,-0.002668902220971702,-0.02071865568460655,0.04631274842168694,0.0021448706663704667,-0.16161557588639122,-0.37508925415427313,0.18529040696416763,-62.379600613664415,0.18848764744064564,-0.43051329965211466,,,,,,,,
4,x,201.0,0.001283823562358496,-0.0027062533897805044,0.003990076952139,0.04624408886096227,0.0021385157545805744,-0.15605145673610982,-0.3785774484795936,0.1787739433105507,-48.091673007317695,0.20241381885862128,-0.41169220891618696,,,,,,,,
4,x,202.0,-0.05526296142432309,-0.0027401911368462747,-0.05252277028747682,0.04614622776904702,0.0021294743373127664,-0.1502054683139027,-0.36007131686364185,0.1677298997317083,-52.41315054767642,0.20660540587940088,-0.4043186958746381,,,,,,,,
4,x,203.0,0.025494689724067866,-0.0027711516094580386,0.028265841333525905,0.04616296407327112,0.00213101925203012,-0.16345613915721188,-0.3556990809800526,0.16694659538133066,-54.43093678802264,0.20503727987072526,-0.40828285644677503,,,,,,,,
4,x,204.0,0.08884791827093355,-0.002798977725938386,0.09164689599687194,0.046745779235186045,0.0021851678763047506,-0.13312359737603288,-0.36692865073895053,0.15063963619330215,-98.92861365827086,0.23289077506287206,-0.41422469130967193,,,,,,,,
4,x,205.0,-0.042798432373632324,-0.0028225490945217864,-0.03997588327911054,0.04639541055493256,0.002152534120560748,-0.15629653674033728,-0.3561327884329952,0.15992224061866703,-255.18595206868522,0.24760007958385336,-0.3886159747455212,,,,,,,,
4,x,206.0,-0.06496992842941667,-0.002842583523611369,-0.06212734490580529,0.04679068735086793,0.002189368422766672,-0.13705816402341064,-0.3734944168497454,0.15210138978168422,-75.77350514814975,0.2446857393583756,-0.4331919668334431,,,,,,,,
4,x,207.0,0.10292895479511369,-0.002858884447166833,0.10578783924228052,0.04748246287122475,0.002254584280317237,-0.16291874835167375,-0.3932790716380813,0.1873582033329609,-198.81087197324567,0.2911783681256745,-0.38452012284013704,,,,,,,,
4,x,208.0,-0.03315723979729284,-0.0028703891934425776,-0.030286850603850262,0.04758716253000443,0.0022645380376570576,-0.1731082998894873,-0.3795146793129777,0.192159668342778,-93.65856755480678,0.3035429914980614,-0.39914884620393004,,,,,,,,
4,x,209.0,-0.0357427076183354,-0.002878581119103537,-0.032864126499231865,0.04766694855670868,0.0022721379847079116,-0.16877791844653786,-0.3850233772160074,0.1976287072821318,-45.55197850226594,0.33209325171135334,-0.39979298672368474,,,,,,,,
4,x,210.0,-0.008958727478911223,-0.0028827169353135913,-0.006076010543597632,0.047655769101040746,0.0022710723286117097,-0.16725741327167556,-0.38530185472557277,0.19147503677886082,-38.5249763168355,0.3443721146534553,-0.3916693804004083,,,,,,,,
4,x,211.0,-0.009542993723693707,-0.002882117394759335,-0.006660876328934372,0.0476607883456024,0.0022715507457243098,-0.16700127891175215,-0.3841932493747658,0.19549821795856315,-37.02410466889842,0.34744502836589647,-0.39128776039868185,,,,,,,,
4,x,212.0,-0.06602379947460031,-0.002876942010465151,-0.06314685746413516,0.04800735384654136,0.0023047060233470293,-0.16083827665647538,-0.3934997434496418,0.2057863476830646,-21.94090475088208,0.37161511954311666,-0.40940016718314026,,,,,,,,
4,x,213.0,-0.009045247510105978,-0.0028680005062217276,-0.00617724700388425,0.04793363756937041,0.002297633610631759,-0.15080497172804352,-0.39701985847408383,0.201878331940701,-24.247079121640457,0.3616269116576827,-0.40071502246992885,,,,,,,,
4,x,214.0,0.08052788552567738,-0.00285417142347537,0.08338205694915275,0.04805628767862183,0.0023094067854504603,-0.14527088586750983,-0.40332566262367825,0.19158592971815278,-25.228410850237424,0.367199492685539,-0.40043101352858573,,,,,,,,
4,x,215.0,0.01259801599518644,-0.0028357527952369427,0.015433768790423383,0.04802880184853517,0.002306765807005855,-0.14217886304738978,-0.4022586085743522,0.18360551041021517,-31.38809072312097,0.3452222037277521,-0.4062674273386938,,,,,,,,
4,x,216.0,0.0005827472464599998,-0.002813308986684718,0.0033960562331447177,0.0478414854087605,0.002288807726116644,-0.13870803293427356,-0.4018704866596058,0.17040967248961297,-44.28715999539065,0.3274127345511338,-0.38376603053549446,,,,,,,,
4,x,217.0,-0.07660695861548224,-0.0027858532238607247,-0.07382110539162151,0.048370108333895295,0.0023396673802327673,-0.13594953824896766,-0.4009437403779113,0.13627897653912374,-23.753733966501372,0.33860615309747377,-0.4146472967342795,,,,,,,,
4,x,218.0,-0.010039413191754217,-0.002754762872307887,-0.007284650319446331,0.048311111225321654,0.0023339634678253996,-0.14458670038276708,-0.39976359817814805,0.13950869240697655,-25.953154918310542,0.33001718479183567,-0.4073779079638197,,,,,,,,
4,x,219.0,0.06751064215414612,-0.0027187073761068686,0.07022934953025299,0.04793897451586441,0.002298145277632697,-0.14085551221139875,-0.40988254853415496,0.11461123841063278,-188.77182213842616,0.337145101376277,-0.4652099348072794,3.3870842530424367e-21,1.0,2.355832934946458e-19,0.00043262312156443574,"{'sigma': 0.08128975996216896, 'lam': -3.14159261031763}","{'sigma': 0.02346286750838833, 'mu': -0.4267498429677733, 'w0': 1.8473944239864002, 'delta': 1.370803470734927e-11, 'psi': 0.1}",{'sigma': 0.023749084807749784},0.00023597624812605593
4,x,220.0,-0.006580118782333252,-0.0026790357193610084,-0.003901083062972244,0.04790884490035743,0.002295257419686504,-0.14358986914255878,-0.4085209716763838,0.11541989900049228,-98.39171508868459,0.35202399939732215,-0.45186168200002347,,,,,,,,
4,x,221.0,-0.11666898469249068,-0.0026346209221043276,-0.11403436377038635,0.049186093879876526,0.002419271831160027,-0.13020296002211862,-0.42763034827463825,0.1160946569946337,-25.474556546346243,0.2799195112005412,-0.3631593648417574,,,,,,,,
4,x,222.0,-0.05666494444395933,-0.0025861309834834625,-0.05407881346047587,0.049037361621601515,0.0024046628348077174,-0.10107337823899641,-0.4273078528640025,0.10578319662309342,-27.058541009421823,0.28636668970284523,-0.3523655265066496,,,,,,,,
4,x,223.0,0.07318471313599269,-0.0025342397455432792,0.07571895288153596,0.049617476906357365,0.0024618940145529063,-0.11625686541810902,-0.4467261713514227,0.10311908328433267,-47.615826582742606,0.26537958152433444,-0.43895984783632586,,,,,,,,
4,x,224.0,-0.0026696226933831477,-0.0024780484498576096,-0.0001915742435255382,0.04961717970800055,0.002461864522176022,-0.11549816995211264,-0.44452834526466184,0.10083532162695008,-46.223884623058204,0.26720860298196697,-0.43823507682960566,,,,,,,,
4,x,225.0,-0.08170859852610433,-0.002417705683019167,-0.07929089284308517,0.05020523808712999,0.002520565931385408,-0.11613581979345321,-0.456642209811142,0.11385728550179233,-23.926403446079703,0.27761704430985656,-0.4705165736649487,,,,,,,,
4,x,226.0,-0.00456305393707329,-0.0023544911586067547,-0.002208562778466535,0.05014790273059773,0.002514812148277491,-0.11178000715365369,-0.46143384280927857,0.1160207010948214,-21.270220212902775,0.2931996479739523,-0.4529397423834993,,,,,,,,
4,x,227.0,-0.08341432889809354,-0.0022879286160451835,-0.08112640028204836,0.050721772549887315,0.002572698210602502,-0.10641938521179613,-0.4303207682612605,0.12723894487982645,-17.531633544413047,0.2757884842149801,-0.49140076376248476,,,,,,,,
4,x,228.0,0.017581914789782792,-0.0022179070346175847,0.019799821824400377,0.05064443947416784,0.00256485924965265,-0.10709222002480914,-0.45070384971864397,0.1132342504854446,-16.693858557176956,0.28285549695696477,-0.47435670023493054,,,,,,,,
4,x,229.0,-0.007622606635676023,-0.002144771098498455,-0.005477835537177568,0.05050941983224562,0.002551201491790047,-0.09601478523446083,-0.4402054933656969,0.10780360581471203,-18.644406661947762,0.2693919036066814,-0.4567937933375128,,,,,,,,
4,x,230.0,0.00018476754751940282,-0.0020689729149849377,0.0022537404625043406,0.04969415064478469,0.002469508608306555,-0.1139752751294227,-0.43339003359320033,0.12971094536734307,-13.901753655977423,0.27578990447025087,-0.3746931525755299,,,,,,,,
4,x,231.0,-0.024740850562168442,-0.001990734761751437,-0.022750115800417005,0.04954763439859345,0.0024549680744966806,-0.10797162789027878,-0.42690387876719066,0.140095174966992,-11.755623841226358,0.31027014035887723,-0.3324680079000374,,,,,,,,
4,x,232.0,0.007684780771367315,-0.0019090910857106963,0.009593871857078011,0.04940154451272532,0.0024405126002427814,-0.11967425455849494,-0.44162189956723336,0.14910154589418567,-13.343260390850741,0.2866000201060725,-0.31702564476308515,,,,,,,,
4,x,233.0,-0.04836898606042147,-0.0018253782659547516,-0.046543607794466715,0.04925439960114429,0.0024259958800692026,-0.13819521630047396,-0.42857084461883316,0.1666086903197803,-13.821758969883861,0.29019041149246,-0.3013794504401523,,,,,,,,
4,x,234.0,-0.06145627580397092,-0.0017405917001389304,-0.05971568410383199,0.04922462712404688,0.0024230639155014516,-0.1147479944951377,-0.41824166465518686,0.15459217218179017,-13.909748793579325,0.291422707611233,-0.2989495132328087,,,,,,,,
4,x,235.0,0.07120539320049109,-0.001653289879916621,0.07285868308040772,0.049549797749223794,0.0024551824569889833,-0.14584024612503815,-0.41774401729502253,0.16322779966614834,-15.107972591896823,0.2950588415120665,-0.333206485396233,,,,,,,,
4,x,236.0,-0.038330588179464206,-0.0015646041991876115,-0.0367659839802766,0.04923826857556461,0.0024244070923194333,-0.13748590649630424,-0.40121461939498315,0.1456090236560123,-11.504132390263498,0.33567065963151793,-0.266197690098736,,,,,,,,
4,x,237.0,-0.05431498890084226,-0.0014746575089188208,-0.05284033139192344,0.04895443493090761,0.0023965366994044674,-0.13976288563324868,-0.3922673116482231,0.15234792681970205,-12.071956804266541,0.3501659304286771,-0.24719930562620365,,,,,,,,
4,x,238.0,0.08058615250594002,-0.0013841535783316815,0.08197030608427171,0.04958157237673886,0.0024583323193497937,-0.14589752671003647,-0.4014022136036936,0.16990616696940328,-16.966323140248544,0.3196639852618131,-0.33430090301559673,,,,,,,,
4,x,239.0,0.030951853727756887,-0.0012924151330554264,0.03224426886081232,0.048691002403918576,0.002370813715098405,-0.12613728694379944,-0.39450544905090323,0.13035803534423937,-13.625077730943689,0.29619552866274634,-0.28991302297387755,0.06632857476848575,0.004229610628860491,0.9294418146026538,0.00039995793457292653,"{'sigma': 0.08194771246223344, 'lam': -3.1415926535897927}","{'sigma': 0.125822976796788, 'mu': -0.9999953771300574, 'w0': 6.328966755198109, 'delta': 1.9999999983244674, 'psi': 0.1}",{'sigma': 0.023593253325728297},0.00023997476074375592
4,x,240.0,0.14258171647114234,-0.001199996823566954,0.1437817132947093,0.05077539731953258,0.0025781409729563965,-0.10520741798757689,-0.32034310827582513,0.08907922066901883,-26.405514383360813,0.4048904160551349,-0.06066776576876302,,,,,,,,
4,x,241.0,-0.119489477917696,-0.0011078868843313534,-0.11838159103336465,0.05188093446147427,0.0026916313605957884,-0.14864448120665358,-0.34361287798202605,0.052960317036611866,-20.095856097052256,0.30682837350352365,-0.016435050728956273,,,,,,,,
4,x,242.0,-0.03938626005828781,-0.0010149893884763878,-0.03837127066981142,0.05121633502966143,0.002623112973870524,-0.1101406677445965,-0.36986840243831925,0.042990854939715696,-13.298951045510115,0.3356490796963233,0.07955832514757478,,,,,,,,
4,x,243.0,0.052196619094463506,-0.0009222516237548637,0.05311887071821837,0.05116478041796552,0.0026178347552186284,-0.10920333902670305,-0.38216705860510913,0.06310977602458039,-18.87899134918072,0.29698317023264986,0.05774270129967225,,,,,,,,
4,x,244.0,-0.05947529045018057,-0.0008305478885010115,-0.05864474256167956,0.05134088420841809,0.0026358863913021943,-0.12236946487603668,-0.366632789866606,0.08182030412464789,-14.00679491648928,0.33223477583972116,0.052297813219918644,,,,,,,,
4,x,245.0,0.005682003826077098,-0.000738798550546694,0.006420802376623792,0.05132675620621046,0.002634435902651764,-0.12154617491989587,-0.36620012907664146,0.0799538874977754,-13.785215250120448,0.33606685578084483,0.05740513026693311,,,,,,,,
4,x,246.0,0.11706046316778836,-0.0006478503526079543,0.1177083135203963,0.052527794379161614,0.002759169182339482,-0.10932099723715329,-0.37991713921244974,0.1009426732866957,-24.895623815064496,0.3464337678030433,0.013223633406906481,,,,,,,,
4,x,247.0,-0.12053901014178389,-0.0005587458563182691,-0.11998026428546563,0.05372593092710093,0.0028864756539836198,-0.15581887661347152,-0.37386167823262284,0.1252434346148685,-14.580292923372141,0.29612881136319513,0.03765438401520759,,,,,,,,
4,x,248.0,0.06551969168463209,-0.00047001437128437146,0.06598970605591646,0.054147025780482104,0.002931900400872194,-0.1783782709978575,-0.3322892370120798,0.1304623112152631,-17.55501550713248,0.27594279505109726,-0.045517945714537156,,,,,,,,
4,x,249.0,0.12725767161988652,-0.00038366739054025614,0.12764133901042676,0.05565140500298706,0.003097078878806494,-0.1436476712375812,-0.3732420403192759,0.17652268979088492,-32.71647659399151,0.3065930293716564,-0.0884216822454222,,,,,,,,
4,x,250.0,-0.1160814529091467,-0.0002985445316326769,-0.11578290837751402,0.05682711543799776,0.0032293210490035233,-0.19031924113875312,-0.38857382656115924,0.21413464045687705,-21.06175042174278,0.2548746614604963,-0.12712241759776355,,,,,,,,
4,x,251.0,-0.05909167841999034,-0.00021493217861936272,-0.05887674624137098,0.05651736905185202,0.0031942130045432404,-0.16661491405120504,-0.40799350817798524,0.20909891501693423,-23.13328007788865,0.2668325222436704,-0.10373682682191127,,,,,,,,
4,x,252.0,0.056062519790927655,-0.00013356698689060255,0.05619608677781826,0.05680150741225782,0.0032264112443047797,-0.17543993454619022,-0.4180796476325378,0.22555752149596703,-30.92233607718097,0.2409876814439858,-0.1635976503010613,,,,,,,,
4,x,253.0,0.038383935042792236,-5.4686547330171065e-05,0.03843862159012241,0.056918200648009606,0.0032396815650070814,-0.16659857181233423,-0.4234121315699719,0.20543357116583943,-43.01685545826533,0.21566823972027044,-0.19378285848432478,,,,,,,,
4,x,254.0,0.02539165783428954,2.244957866362116e-05,0.02536920825562592,0.05690171794638782,0.0032378055052502738,-0.16109263637045015,-0.4154055138964722,0.19304536479666506,-42.21419835134304,0.2173126498793369,-0.19014194465468048,,,,,,,,
4,x,255.0,0.009056656973677094,9.695192942628752e-05,0.008959705044250806,0.056845417134592395,0.0032314014492058106,-0.16235818166794944,-0.413662842773278,0.19376312370952886,-57.52166913819052,0.2002251190065724,-0.18447575467567942,,,,,,,,
4,x,256.0,0.11207738390549617,0.000168450716098847,0.11190893318939732,0.05787680409865641,0.0033497244526742515,-0.15200217229260266,-0.3968723828255845,0.2004550804518928,165.52780172801815,0.19305307178924577,-0.2623597326541459,,,,,,,,
4,x,257.0,-0.051967436367792365,0.00023739185837861362,-0.05220482822617098,0.05682139482285355,0.0032286709096146084,-0.16925315637130875,-0.387963759094389,0.1752788489917326,-40.854760220738626,0.19008255856298142,-0.2390306898773047,,,,,,,,
4,x,258.0,0.020856822968612673,0.0003035494783403983,0.020553273490272275,0.05685661333384186,0.003232674479794004,-0.17282522814136542,-0.37502460308849106,0.17633908815098767,-49.45451301381056,0.1778811300213224,-0.24900722069902445,,,,,,,,
4,x,259.0,-0.09066191265171714,0.00036724635408298396,-0.09102915900580012,0.05737648643046451,0.0032920611951052776,-0.16765912433582691,-0.34996927031738845,0.13368923392703347,-36.93988246462765,0.1601776727386381,-0.2826347785151658,2.2482394047406068e-10,0.9999999639129638,3.586221229073463e-08,0.000325716956843355,"{'sigma': 0.09514112909626209, 'lam': -3.141592606464178}","{'sigma': 0.027142239710006066, 'mu': -0.44791474867024594, 'w0': 1.9390170402849811, 'delta': 1.9554571073499005e-08, 'psi': 0.1}",{'sigma': 0.027769898045672245},0.0002714307973694626
4,x,260.0,0.09210455822933876,0.00042723991410397095,0.09167731831523479,0.057728622580191805,0.0033325938650062307,-0.19788164968021768,-0.3347891758364942,0.12456774145663337,-44.94463836733267,0.1694006635124788,-0.3043648603614237,,,,,,,,
4,x,261.0,0.025819432644775743,0.0004841523735984906,0.025335280271177252,0.05767410648019232,0.003326302558288562,-0.18472630131464118,-0.33439343982302105,0.11811787955302004,-41.99213319271752,0.17384180308937466,-0.29365397295666185,,,,,,,,
4,x,262.0,-0.10063344783391107,0.0005389163837594424,-0.10117236421767051,0.05843462288505184,0.003414605151718224,-0.1942810197174582,-0.3477007629157363,0.14423503907558163,-29.454232702682933,0.1489781335656881,-0.3351774125522346,,,,,,,,
4,x,263.0,0.015787036421293293,0.0005891924613795672,0.015197843959913726,0.05834808836512586,0.003404499415864536,-0.1893298219431393,-0.3458564452807646,0.14865427675831294,-39.84222953765668,0.12559766231550487,-0.32508871748991064,,,,,,,,
4,x,264.0,0.09192271483833434,0.000637084260812667,0.09128563057752166,0.05844752491064279,0.0034161131681802095,-0.18669068697679173,-0.3712619767299863,0.1608291952938567,-42.26553024160525,0.12935442471093656,-0.3281466002627356,,,,,,,,
4,x,265.0,0.0037266767269459053,0.000681672822715227,0.0030450039042306783,0.058443580023021746,0.0034156520459073464,-0.18393382886950801,-0.3707305415876245,0.1570570799274995,-41.416488516802445,0.13171921068720688,-0.32698383781819773,,,,,,,,
4,x,266.0,-0.05698390734916332,0.0007230045629800419,-0.05770691191214336,0.058713856990684786,0.0034473170027225844,-0.1828687110091662,-0.3811586101555619,0.1537239020187102,-27.924733173017554,0.15686710248510283,-0.36047798195577097,,,,,,,,
4,x,267.0,0.00928842872719236,0.0007612071799097037,0.008527221547282656,0.05868093528505875,0.003443452165929253,-0.18226038556086113,-0.3816206136869346,0.15598610891363948,-32.94937107962914,0.14182294580002852,-0.35774918580124365,,,,,,,,
4,x,268.0,0.08966643414373816,0.0007965054976378372,0.08886992864610033,0.05931174244996577,0.003517882792451071,-0.17767142211023523,-0.3924316742344017,0.1549300600711808,-53.919827741194865,0.13748123258378595,-0.42510726712166397,,,,,,,,
4,x,269.0,0.003866623357916727,0.0008290012382572112,0.003037622119659516,0.059309604363925024,0.003517629169805314,-0.17477525899547414,-0.3923023347907461,0.1536848499245374,-59.35469752042758,0.13329637221177634,-0.4254987332400162,,,,,,,,
4,x,270.0,-0.15315406797361172,0.0008577798431847773,-0.1540118478167965,0.061241460695159365,0.0037505165080767493,-0.17052953592581893,-0.41348087981473675,0.15119663804512073,-22.252115690587132,0.04352279664112731,-0.31148102767022817,,,,,,,,
4,x,271.0,0.16029100092398274,0.0008830681454674427,0.1594079327785153,0.06331329916673202,0.00400857385137611,-0.22355559603770575,-0.40148896336784556,0.18303291391062954,-54.78013381543855,0.13152427476905187,-0.23091873395293963,,,,,,,,
4,x,272.0,-0.04914514496958783,0.0009063300186205463,-0.050051474988208375,0.06351318230803217,0.004033924326893331,-0.23798920286346195,-0.3668620883530357,0.18298256820211728,-39.40385272591102,0.14813476857549976,-0.2582505938913893,,,,,,,,
4,x,273.0,-0.04553034791456234,0.0009267889507233254,-0.046457136865285666,0.06321778043069816,0.003996487762583963,-0.23424526014745883,-0.3669213711704468,0.2041728376971558,-49.042054923875895,0.14980361079685872,-0.22785526526423466,,,,,,,,
4,x,274.0,0.14003380618951752,0.0009433409301159269,0.1390904652594016,0.06471729009279538,0.004188327636955032,-0.24373346545431693,-0.3743574527713002,0.2475201920377095,299.6702809436145,0.17146337336269532,-0.2761563877009724,,,,,,,,
4,x,275.0,0.01878845830325667,0.000958002443537505,0.017830455859719166,0.06455131753971692,0.004166872596113365,-0.23745556082429914,-0.373797339622334,0.2505617764892296,-743.8558405427927,0.18395515199855314,-0.24681598934280682,,,,,,,,
4,x,276.0,-0.06471289428033904,0.0009698669105530896,-0.06568276119089213,0.06480582516786935,0.004199794975688448,-0.23747371997317418,-0.3834070027905586,0.2546900987429008,-60.593548088279626,0.21649637916598005,-0.2673121267974512,,,,,,,,
4,x,277.0,-0.02181969923146331,0.000979311050619309,-0.022799010282082616,0.06481146220904516,0.004200525633674488,-0.23486184284696096,-0.38317233729858724,0.24574656122263583,-61.042924399866564,0.2171142837557651,-0.26802533932691935,,,,,,,,
4,x,278.0,0.08460693373420111,0.0009865384770053449,0.08362039525719576,0.06522897587981807,0.0042548192943298885,-0.23580931473391015,-0.38782872372601124,0.24737728352166888,377.250318903061,0.1796446278972569,-0.3283660965344995,,,,,,,,
4,x,279.0,0.019416558822226128,0.0009911724778547111,0.018425386344371415,0.06520838811938472,0.0042521338811283135,-0.2356180684523862,-0.38866991945200013,0.2411626666835095,492.6430477337167,0.18259781977152115,-0.32424500409640183,1.4746683269176641e-15,0.9999999999996034,3.9492684692056073e-13,0.0007728524975824291,"{'sigma': 0.10500673204599875, 'lam': -3.141592643866632}","{'sigma': 0.029161549178605473, 'mu': -0.41283552456790606, 'w0': 1.7871595242749558, 'delta': 5.579537942779211e-10, 'psi': 0.1}",{'sigma': 0.030946392304564887},0.0004215559077722342
4,x,280.0,-0.09279666917581933,0.000993779424901216,-0.09379044860072054,0.06554800103949736,0.004296540440273946,-0.2381745206418978,-0.4106944874947315,0.24285403712591228,-44.9405284422869,0.21294872518175517,-0.3266793024743493,,,,,,,,
4,x,281.0,0.03190888131992791,0.0009945978627339165,0.030914283457193995,0.06562167013938251,0.004306203591881927,-0.24292252978670176,-0.4088044901524649,0.24693977776813222,-58.37443170341385,0.19895493236013567,-0.34257185816057584,,,,,,,,
4,x,282.0,0.032321550082517525,0.0009927667179149221,0.031328783364602604,0.06552556042680033,0.004293599069246261,-0.24225481222581371,-0.4097045649115403,0.24514364752500084,-52.1545662074736,0.20454739948771844,-0.32668180936124996,,,,,,,,
4,x,283.0,-0.049123964347556504,0.0009889938649481555,-0.05011295821250466,0.06570193530997434,0.004316744303476052,-0.24441044018100602,-0.41345591409246546,0.25830197310904374,-35.26333800260277,0.227800541747635,-0.34409554563102657,,,,,,,,
4,x,284.0,-0.0797398377622244,0.0009844560497655045,-0.08072429381198991,0.066147494704849,0.004375491055728026,-0.23122154267619138,-0.42504478102420246,0.25265368055458254,-27.57783018575925,0.23149422215990798,-0.38680641709234964,,,,,,,,
4,x,285.0,0.07274850465878908,0.0009781801448664603,0.07177032451392262,0.0664615849794574,0.004417142277981637,-0.23688488951500689,-0.43366983913918966,0.2518409900781382,-33.480948938005824,0.22270382687498005,-0.4283583200427872,,,,,,,,
4,x,286.0,-0.12655925288223754,0.0009700047855007173,-0.12752925766773826,0.06707480730007592,0.0044990297743423184,-0.24731181620046574,-0.3884091473353045,0.2570422952223088,-28.756751323777312,0.18849153334205268,-0.4170066582135211,,,,,,,,
4,x,287.0,0.060733357085987566,0.0009610585541376146,0.059772298531849954,0.06725308247804021,0.004522977102798078,-0.26941480361832776,-0.37240634225461144,0.24960961836458936,-32.65444711308728,0.18193234144491793,-0.4417858782192925,,,,,,,,
4,x,288.0,0.07231688606348248,0.0009505748580564661,0.07136631120542601,0.0670429335354784,0.004494754937042574,-0.2525712903777628,-0.37592098100257215,0.26966312733474324,-30.446936849614623,0.17988401204378326,-0.4261549035320851,,,,,,,,
4,x,289.0,-0.10507129473592937,0.0009386338804092992,-0.10600992861633866,0.06777971004031652,0.004594089093149384,-0.27146451962692525,-0.3882018025837985,0.2899238588059093,-23.480436521287423,0.169431942168011,-0.47262616480452574,,,,,,,,
4,x,290.0,0.0478467533170461,0.0009263392397533318,0.04692041407729277,0.06763192874691636,0.00457407778602797,-0.28589659951441615,-0.38400633566118125,0.3062755723306642,-39.37640432095482,0.13205723739696965,-0.4669862143959429,,,,,,,,
4,x,291.0,0.13522927100565438,0.0009128566389432137,0.13431641436671116,0.06885052919132637,0.0047403953699256835,-0.26910876137759054,-0.3998225237022659,0.3238693232508378,1458.8312012716715,0.12761121476484938,-0.50769672054737,,,,,,,,
4,x,292.0,-0.14541088361491783,0.0008978356429655292,-0.14630871925788336,0.07034455840736671,0.0049483568975274275,-0.2965104570199105,-0.40338825973778347,0.3437436665781238,-65.08127674381431,0.0763540198535881,-0.5108669689362829,,,,,,,,
4,x,293.0,-0.03571958421226069,0.0008836196291249522,-0.03660320384138564,0.0701677902791351,0.004923518792656685,-0.2848847191827,-0.40109393314816877,0.3367982627073938,-34.71803647326489,0.11121347886026249,-0.48481127515983874,,,,,,,,
4,x,294.0,0.05660167795215674,0.000868688593664667,0.05573298935849207,0.07030352374453895,0.004942585450898953,-0.28494115396935266,-0.4107979003740328,0.3429972635789564,-39.361806449540325,0.10575077719429127,-0.5024178845264893,,,,,,,,
4,x,295.0,-0.08725026045620785,0.0008531450909012863,-0.08810340554710913,0.07064704169206888,0.004991004499840918,-0.28989965576159626,-0.3979194473321089,0.35555724860515286,-33.70268073113524,0.10402768942903289,-0.5289565120477429,,,,,,,,
4,x,296.0,-0.04372382548850726,0.0008369487949243743,-0.04456077428343164,0.07071995095103686,0.005001311462517059,-0.28305239023473516,-0.3993721720576424,0.3596754534496314,-25.443853375354067,0.1316935876295624,-0.533379307268889,,,,,,,,
4,x,297.0,0.05179271426104575,0.0008208414048911152,0.050971872856154635,0.07077082061845325,0.005008509051009287,-0.2833042241679752,-0.4031024557638642,0.36624121342323435,-26.470488577096884,0.12982046221289503,-0.5397971596034604,,,,,,,,
4,x,298.0,0.03355115294281405,0.0008049797917467438,0.03274617315106731,0.07070709150190721,0.004999492788659079,-0.28184185174944515,-0.40760484790504753,0.35830881259051683,-38.37073746357744,0.0995453085940968,-0.5372120241710805,,,,,,,,
4,x,299.0,-0.13232729401219212,0.0007881815507657503,-0.13311547556295786,0.07188040838935775,0.005166793110220851,-0.28694648903267084,-0.4133135874332411,0.36123466297588025,-25.18725907882077,0.07599504842450686,-0.5749258392916408,3.603663674807659e-20,1.0,1.0445775947242884e-17,0.001077449661801949,"{'sigma': 0.11499659950781452, 'lam': -3.1415925919098724}","{'sigma': 0.0341625991201151, 'mu': -0.4346886307202602, 'w0': 1.8817616174255285, 'delta': 2.863087028570632e-07, 'psi': 0.1}",{'sigma': 0.03413827267838585},0.0005387248309009747
4,x,300.0,0.017436606364777917,0.0007717357789146346,0.016664870585863283,0.07188006007390216,0.005166743036227783,-0.28661459408671197,-0.4146973374841057,0.3636271240322434,-29.391604211177285,0.06043766406614149,-0.5763560775670904,,,,,,,,
4,x,301.0,0.1664988349850924,0.0007555679944417879,0.16574326699065062,0.07380527365197176,0.0054472184188424375,-0.2732834941437611,-0.4394517893578142,0.36663551272713285,-93.01837999607002,0.10924243105829692,-0.5570683527963765,,,,,,,,
4,x,302.0,-0.05400182466433494,0.000739571289124196,-0.054741395953459136,0.07382150602614582,0.005449614751968284,-0.2804985909468164,-0.4356115131659359,0.3706262803389387,-94.54151669514029,0.1096026775575808,-0.5586709186135559,,,,,,,,
4,x,303.0,0.005562868725172306,0.0007237277082849424,0.004839141016887364,0.07376748049487179,0.00544164117856129,-0.28766251059634135,-0.42116228556916496,0.37589552092253026,-75.26102632222124,0.11897770911401173,-0.5499657541403844,,,,,,,,
4,x,304.0,-0.010319633229529513,0.0007082418861119068,-0.01102787511564142,0.07318544249730885,0.0053561089935269006,-0.28368160596792413,-0.4130453187563495,0.35070880410954086,-37.11548096229835,0.14424259376202847,-0.4877856223123735,,,,,,,,
4,x,305.0,-0.04554601352131531,0.0006930852308594576,-0.046239098752174766,0.07322142641179827,0.005361377285778389,-0.2881636237732318,-0.40994757180933256,0.3523130029329236,-36.623413303701305,0.14579039018162274,-0.4917079982716715,,,,,,,,
4,x,306.0,-0.04302027446558446,0.0006780132641426397,-0.043698287729727094,0.07309037219353215,0.005342202507389057,-0.2751102594524177,-0.4135086426191936,0.3491758744333027,-41.06639242687425,0.14275609561983163,-0.4784276418407994,,,,,,,,
4,x,307.0,-0.04258769338057425,0.0006636377970946073,-0.043251331177668856,0.07240059432145178,0.0052418460580994355,-0.26837242389533766,-0.40702518655793984,0.35407052304596376,-22.38056342993122,0.174528690523402,-0.41528300041402944,,,,,,,,
4,x,308.0,0.10038914978265125,0.0006496682961766897,0.09973948148647456,0.07306663688672965,0.005338733425937202,-0.2753277344910386,-0.41100962655471074,0.3412545110830091,-38.46599433117706,0.1443597088052997,-0.4828881029623147,,,,,,,,
4,x,309.0,-8.945893494524682e-06,0.0006361865677929037,-0.0006451324612874284,0.07299797660005573,0.005328704587702285,-0.2730689159144391,-0.4110879818910814,0.3385109542768096,-47.334435041074784,0.13207301359179108,-0.47597124615888337,,,,,,,,
4,x,310.0,-0.013082331290689565,0.0006232965431351516,-0.013705627833824717,0.0730071261737066,0.005330040472143515,-0.2731056629226053,-0.4115159329713331,0.338916718085539,-46.10750463797323,0.135173616403186,-0.47669250112773276,,,,,,,,
4,x,311.0,0.020613315371317536,0.0006105483779111139,0.02000276699340642,0.07303589371088004,0.005334241770146967,-0.27511797708042607,-0.4114191130031171,0.3426189935000622,-56.97703912927789,0.12409666668677516,-0.4827073712096094,,,,,,,,
4,x,312.0,0.02123636764492308,0.0005982972458646322,0.020638070399058447,0.07279589006297013,0.005299241610060034,-0.27579779468694093,-0.40597350611610167,0.34581573120324527,-177.8780064236084,0.0967783793965116,-0.4592141327297588,,,,,,,,
4,x,313.0,-0.06422545594922734,0.0005870168824317257,-0.06481247283165906,0.07308045758233395,0.005340753280443312,-0.278079795954193,-0.4066617486312387,0.3460998054017496,-76.04244473934664,0.1130824665793889,-0.4900564600915738,,,,,,,,
4,x,314.0,0.1135556267992231,0.0005763563219823564,0.11297927047724074,0.07348342703045692,0.005399814048140486,-0.2919950741034965,-0.4003502820270178,0.36208743280916783,-116.49782140669403,0.12164171733707231,-0.5057024147714625,,,,,,,,
4,x,315.0,-0.03468300151949102,0.0005658710872655228,-0.03524887260675654,0.07354753789956847,0.0054092403310884605,-0.2956537450489014,-0.3939327680063722,0.36037666787824896,-66.64444007848687,0.14122380395286196,-0.5104470513324632,,,,,,,,
4,x,316.0,0.06483412866716903,0.0005559638562889204,0.06427816481088011,0.0738353420901992,0.00545165774157674,-0.29925356489441973,-0.373843333358802,0.3508376297179039,-160.1400927872612,0.12144223805470053,-0.5485455679336224,,,,,,,,
4,x,317.0,-0.049319869901550156,0.0005467350812335377,-0.0498666049827837,0.07363313844445049,0.005421839077179612,-0.3059756461130835,-0.3632020930483594,0.33642850558445486,-391.2570998518206,0.11959227425744053,-0.5306126585976993,,,,,,,,
4,x,318.0,0.0682485456493009,0.0005382620574337978,0.06771028359186711,0.07394055640276963,0.0054672058811511565,-0.31071812144071304,-0.3521402649610514,0.3326855124562108,124.33602526441112,0.09501878188411118,-0.5700393357513812,,,,,,,,
4,x,319.0,0.06768070285279787,0.0005307599655940836,0.06714994288720379,0.07391191898206965,0.005462971767612028,-0.30057877789176934,-0.34684822254296477,0.34804305172803063,123.9334588374934,0.09531257446416588,-0.5673588326468874,3.104659657834208e-18,0.9999999999999998,2.233525107714792e-16,0.0026124076543875435,"{'sigma': 0.1227113239182022, 'lam': -3.1415919658177773}","{'sigma': 0.028258778190363376, 'mu': -0.28976452843224765, 'w0': 1.8667826179132743, 'delta': 0.6123958081418277, 'psi': 0.1}",{'sigma': 0.036519287689766276},0.000870802551462515
4,x,320.0,-0.10341646397847595,0.0005233196622289244,-0.10393978364070487,0.07464698144059972,0.00557217183819324,-0.3138094414871435,-0.35652007823238263,0.3556933657422853,-200.6749569236723,0.10523359556882905,-0.6193531632360036,,,,,,,,
4,x,321.0,0.07213497477755629,0.0005166577832403851,0.07161831699431591,0.07409859470377332,0.005490601737074064,-0.3393329978590587,-0.3348177937065001,0.3656698848178883,48.875765357439896,0.07751713714603176,-0.6072120547475971,,,,,,,,
4,x,322.0,0.017000031560769676,0.0005102840893148257,0.01648974747145485,0.0739000029164049,0.005461210431044652,-0.33085127952967797,-0.3353688888978523,0.36068086751729866,32.8049369554464,0.053374481724934086,-0.5864945527963334,,,,,,,,
4,x,323.0,-0.117690753277171,0.0005042995234991183,-0.11819505280067012,0.07449248692021761,0.005549130607558792,-0.3312566830435829,-0.33760526824887943,0.3780921388197757,216.57617372749988,0.07841207787412513,-0.598143624790441,,,,,,,,
4,x,324.0,-0.04150107844647859,0.0004992082949523801,-0.04200028674143097,0.07461213752567443,0.005566971066150154,-0.31923977106562207,-0.33817665249280376,0.37216316201347543,-1681.9907042990155,0.09331949906740283,-0.6110294315087916,,,,,,,,
4,x,325.0,0.1375837408300255,0.0004947435849334163,0.13708899724509208,0.07542788828798822,0.00568936633158523,-0.32619256061915586,-0.3738333210639941,0.37462392106238646,35.10618689024032,0.0765010585088954,-0.6263180044436113,,,,,,,,
4,x,326.0,0.010944804808747202,0.0004911927076756619,0.01045361210107154,0.07543141169243056,0.005689897869912951,-0.32139998030593536,-0.37378292115432704,0.36790856361125523,32.74440795402929,0.07136802883506434,-0.6272941876583416,,,,,,,,
4,x,327.0,-0.0752923784998576,0.0004875305139197249,-0.07577990901377733,0.07537369294917699,0.0056811935887968144,-0.32023896972922267,-0.38801728922263384,0.3736958914750512,31.605053456746425,0.07186725203318571,-0.6236702283481634,,,,,,,,
4,x,328.0,0.05931502175966904,0.0004841270096307259,0.05883089475003831,0.07556676433089532,0.0057103358714410725,-0.3252983878634079,-0.3862292539599429,0.3811752239046996,26.967007906164692,0.059722070551753055,-0.6469033060918239,,,,,,,,
4,x,329.0,-0.10847051962608671,0.00048183118061758876,-0.1089523508067043,0.07638187268230355,0.005834190474455629,-0.3318953583147051,-0.36530215593058074,0.3756854500835567,42.58308326506474,0.0672497626076299,-0.6982983703816256,,,,,,,,
4,x,330.0,-0.018695073991751743,0.0004801591525698684,-0.01917523314432161,0.07640983911407787,0.005838463513439264,-0.3243927697423567,-0.36620738869932973,0.3771217580014027,47.60988040272705,0.07555640369388536,-0.7009123721454579,,,,,,,,
4,x,331.0,0.12108182851721783,0.00047840203579944935,0.12060342648141838,0.07729365015106691,0.0059743083536755275,-0.3244658219594406,-0.3835211512871771,0.3818575980487953,25.23345004539155,0.05442258705029507,-0.7540512799400384,,,,,,,,
4,x,332.0,-0.0001827900888673327,0.00047729477032488815,-0.0006600848591922209,0.0772912622130876,0.005973939214492264,-0.32135487624693687,-0.3836836009178198,0.3792296705585771,25.89784735491542,0.058480777778201556,-0.7534509143553804,,,,,,,,
4,x,333.0,-0.08123948360656445,0.0004769183972955643,-0.08171640200386002,0.07759673915533843,0.006021253927541634,-0.32587564777390104,-0.3903732930712403,0.37780017585232956,29.21826132320302,0.06105308337202796,-0.7758008314330691,,,,,,,,
4,x,334.0,0.10237156803626649,,,,,,,,,,,,,,,,,,
4,x,335.0,0.08984442489350777,,,,,,,,,,,,,,,,,,
4,x,336.0,-0.18884079821773567,,,,,,,,,,,,,,,,,,
4,x,337.0,0.07288483096522874,,,,,,,,,,,,,,,,,,
4,x,338.0,0.0613463615652936,,,,,,,,,,,,,,,,,,
4,x,339.0,-0.22387483121914148,,,,,,,,,,,,,,,,,,
4,x,340.0,0.15993459609710403,,,,,,,,,,,,,,,,,,
4,x,341.0,0.07679912932328758,,,,,,,,,,,,,,,,,,
4,x,342.0,-0.20201689820324434,,,,,,,,,,,,,,,,,,
4,x,343.0,0.08099136697714128,,,,,,,,,,,,,,,,,,
4,x,344.0,0.12124252003643735,,,,,,,,,,,,,,,,,,
4,x,345.0,-0.1621662068841056,,,,,,,,,,,,,,,,,,
4,x,346.0,0.04234487045450319,,,,,,,,,,,,,,,,,,
4,x,347.0,0.2058531955946189,,,,,,,,,,,,,,,,,,
4,x,348.0,-0.18301305414766292,,,,,,,,,,,,,,,,,,
4,x,349.0,0.10969212553691113,,,,,,,,,,,,,,,,,,
4,x,350.0,0.14813434658307495,,,,,,,,,,,,,,,,,,
4,x,351.0,-0.18028786212072578,,,,,,,,,,,,,,,,,,
4,x,352.0,0.1107858931488525,,,,,,,,,,,,,,,,,,
4,x,353.0,0.07149677293901106,,,,,,,,,,,,,,,,,,
4,x,354.0,-0.2022942794785003,,,,,,,,,,,,,,,,,,
4,x,355.0,0.08601377948078905,,,,,,,,,,,,,,,,,,
4,x,356.0,0.05925558770547855,,,,,,,,,,,,,,,,,,
4,x,357.0,-0.1308944672650929,,,,,,,,,,,,,,,,,,
4,x,358.0,0.10618986494907617,,,,,,,,,,,,,,,,,,
4,x,359.0,-0.032325140412197154,,,,,,,,,,,,,,,,,,
4,x,360.0,-0.195502438302164,,,,,,,,,,,,,,,,,,
4,x,361.0,0.18045336333167805,,,,,,,,,,,,,,,,,,
4,x,362.0,-0.0873202965804313,,,,,,,,,,,,,,,,,,
4,x,363.0,-0.04506520170729004,,,,,,,,,,,,,,,,,,
4,x,364.0,0.2806505070479976,,,,,,,,,,,,,,,,,,
4,x,365.0,-0.1486464227174943,,,,,,,,,,,,,,,,,,
4,x,366.0,-0.15981410957042272,,,,,,,,,,,,,,,,,,
4,x,367.0,0.27316764220646245,,,,,,,,,,,,,,,,,,
4,x,368.0,-0.07893981528283386,,,,,,,,,,,,,,,,,,
4,x,369.0,-0.2877571336996283,,,,,,,,,,,,,,,,,,
4,x,370.0,0.30202002205184425,,,,,,,,,,,,,,,,,,
4,x,371.0,-0.09391822596128752,,,,,,,,,,,,,,,,,,
4,x,372.0,-0.3239929735208659,,,,,,,,,,,,,,,,,,
4,x,373.0,0.3500353758483957,,,,,,,,,,,,,,,,,,
4,x,374.0,0.0426260860266253,,,,,,,,,,,,,,,,,,
4,x,375.0,-0.3254014787702077,,,,,,,,,,,,,,,,,,
4,x,376.0,0.2608699787393105,,,,,,,,,,,,,,,,,,
4,x,377.0,0.11663362802674061,,,,,,,,,,,,,,,,,,
4,x,378.0,-0.3592327620973682,,,,,,,,,,,,,,,,,,
4,x,379.0,0.21925959666514178,,,,,,,,,,,,,,,,,,
4,x,380.0,0.19694868875116256,,,,,,,,,,,,,,,,,,
4,x,381.0,-0.5029910442264667,,,,,,,,,,,,,,,,,,
4,x,382.0,0.06754082504454474,,,,,,,,,,,,,,,,,,
4,x,383.0,0.38507890269863354,,,,,,,,,,,,,,,,,,
4,x,384.0,-0.44973842563345506,,,,,,,,,,,,,,,,,,
4,x,385.0,-0.002262078392376839,,,,,,,,,,,,,,,,,,
4,x,386.0,0.3648309877898781,,,,,,,,,,,,,,,,,,
4,x,387.0,-0.39311767300567513,,,,,,,,,,,,,,,,,,
4,x,388.0,-0.03715689703595633,,,,,,,,,,,,,,,,,,
4,x,389.0,0.4017957220138021,,,,,,,,,,,,,,,,,,
4,x,390.0,-0.3729360003752892,,,,,,,,,,,,,,,,,,
4,x,391.0,-0.002818878794304055,,,,,,,,,,,,,,,,,,
4,x,392.0,0.3629179147657004,,,,,,,,,,,,,,,,,,
4,x,393.0,-0.26328020083442016,,,,,,,,,,,,,,,,,,
4,x,394.0,-0.10591153046504939,,,,,,,,,,,,,,,,,,
4,x,395.0,0.3514718019014467,,,,,,,,,,,,,,,,,,
4,x,396.0,-0.01461039704240288,,,,,,,,,,,,,,,,,,
4,x,397.0,-0.2081642708324629,,,,,,,,,,,,,,,,,,
4,x,398.0,0.36695812682291173,,,,,,,,,,,,,,,,,,
4,x,399.0,0.011082919977935396,,,,,,,,,,,,,,,,,,
4,y,0.0,-0.014232458726404433,0.001658603128158261,-0.015891061854562693,,,,,,,,,,,,,,,,
4,y,1.0,0.021975962709639304,0.0016569126772786797,0.020319050032360623,,,,,,,,,,,,,,,,
4,y,2.0,0.05957231660784744,0.0016541821433293203,0.05791813446451812,,,,,,,,,,,,,,,,
4,y,3.0,-0.05740827838782887,0.0016502280274036034,-0.05905850641523248,,,,,,,,,,,,,,,,
4,y,4.0,-0.003260719709174009,0.0016447212443760028,-0.004905440953550012,,,,,,,,,,,,,,,,
4,y,5.0,-0.025226784961393148,0.001637827026490588,-0.026864611987883737,,,,,,,,,,,,,,,,
4,y,6.0,-0.017746577183089564,0.001630103051809792,-0.019376680234899357,,,,,,,,,,,,,,,,
4,y,7.0,-0.04938346522366706,0.0016204102632759534,-0.05100387548694301,,,,,,,,,,,,,,,,
4,y,8.0,0.004467073737950557,0.0016090948549022412,0.0028579788830483156,,,,,,,,,,,,,,,,
4,y,9.0,-0.018383114911286618,0.0015967248415915045,-0.019979839752878124,,,,,,,,,,,,,,,,
4,y,10.0,-0.01236254904007599,0.0015828443684265652,-0.013945393408502555,,,,,,,,,,,,,,,,
4,y,11.0,-0.013666547555263574,0.0015676934100451732,-0.015234240965308747,,,,,,,,,,,,,,,,
4,y,12.0,0.031041277651154345,0.0015510598700952617,0.029490217781059085,,,,,,,,,,,,,,,,
4,y,13.0,0.0378077335763444,0.0015323577430966808,0.03627537583324772,,,,,,,,,,,,,,,,
4,y,14.0,0.011325685108693119,0.001512793528392668,0.00981289158030045,,,,,,,,,,,,,,,,
4,y,15.0,-0.003132287209832451,0.0014910471746352484,-0.0046233343844677,,,,,,,,,,,,,,,,
4,y,16.0,0.040283447538055524,0.0014681633202741414,0.03881528421778138,,,,,,,,,,,,,,,,
4,y,17.0,0.013591633974477832,0.0014430945572997218,0.012148539417178111,,,,,,,,,,,,,,,,
4,y,18.0,0.037487403578527756,0.0014168259890794538,0.0360705775894483,,,,,,,,,,,,,,,,
4,y,19.0,0.05589473403751331,0.0013883916603703351,0.054506342377142976,,,,,,,,,,,,,,,,
4,y,20.0,-0.040314566362212687,0.0013584306055571787,-0.04167299696776987,,,,,,,,,,,,,,,,
4,y,21.0,-0.015201150806829385,0.0013271504193749823,-0.016528301226204366,,,,,,,,,,,,,,,,
4,y,22.0,0.024867346601275746,0.0012929696779415837,0.023574376923334164,,,,,,,,,,,,,,,,
4,y,23.0,-0.057973531692931284,0.001258041651457203,-0.059231573344388486,,,,,,,,,,,,,,,,
4,y,24.0,-0.020994259605119785,0.0012215176741531002,-0.022215777279272885,,,,,,,,,,,,,,,,
4,y,25.0,0.006172640157770323,0.0011828381547452078,0.004989802003025115,,,,,,,,,,,,,,,,
4,y,26.0,0.004274660655122847,0.001141833522213638,0.003132827132909209,,,,,,,,,,,,,,,,
4,y,27.0,0.015124278770526422,0.0010999650712582142,0.014024313699268208,,,,,,,,,,,,,,,,
4,y,28.0,0.042369757551207386,0.001056227608594583,0.0413135299426128,,,,,,,,,,,,,,,,
4,y,29.0,0.014388337507400938,0.001010316099648956,0.013378021407751982,,,,,,,,,,,,,,,,
4,y,30.0,0.02970446843558006,0.0009627807335607476,0.028741687702019313,,,,,,,,,,,,,,,,
4,y,31.0,-7.392631163477851e-05,0.0009142753517441569,-0.0009882016633789353,,,,,,,,,,,,,,,,
4,y,32.0,0.012175693871596508,0.0008634081366694487,0.011312285734927058,,,,,,,,,,,,,,,,
4,y,33.0,-0.027538098898851615,0.0008113031659750988,-0.028349402064826713,,,,,,,,,,,,,,,,
4,y,34.0,0.0009826646607879338,0.0007571917306292844,0.00022547293015864932,,,,,,,,,,,,,,,,
4,y,35.0,-0.000400047120796622,0.0007017811397353397,-0.0011018282605319617,,,,,,,,,,,,,,,,
4,y,36.0,-0.007093278352379108,0.00064494662243445,-0.007738224974813558,,,,,,,,,,,,,,,,
4,y,37.0,0.04644838166806789,0.0005866857016421675,0.045861695966425725,,,,,,,,,,,,,,,,
4,y,38.0,0.04839208143875714,0.0005273357889301294,0.04786474564982701,,,,,,,,,,,,,,,,
4,y,39.0,-0.020581873078487446,0.0004665715461854616,-0.021048444624672907,,,,,,,,,,,,,,,,
4,y,40.0,-0.07061588121602043,0.00040479166739450803,-0.07102067288341493,,,,,,,,,,,,,,,,
4,y,41.0,0.006756091166341125,0.0003414947615262721,0.006414596404814853,,,,,,,,,,,,,,,,
4,y,42.0,0.024140202666578334,0.0002778509525275962,0.02386235171405074,,,,,,,,,,,,,,,,
4,y,43.0,0.02760738929601047,0.00021391277166091596,0.027393476524349553,,,,,,,,,,,,,,,,
4,y,44.0,0.034155313068180086,0.0001488700414453233,0.034006443026734764,,,,,,,,,,,,,,,,
4,y,45.0,-0.056280451232036205,8.277649013691292e-05,-0.056363227722173115,,,,,,,,,,,,,,,,
4,y,46.0,-0.01461486600267791,1.6824956098316322e-05,-0.014631690958776228,,,,,,,,,,,,,,,,
4,y,47.0,0.00014980783644273112,-4.93461101008543e-05,0.0001991539465435854,,,,,,,,,,,,,,,,
4,y,48.0,0.015104205128641308,-0.00011612349912336133,0.01522032862776467,,,,,,,,,,,,,,,,
4,y,49.0,0.010509849973438354,-0.00018266939891329624,0.01069251937235165,,,,,,,,,,,,,,,,
4,y,50.0,-0.03489112940093322,-0.0002492329092934572,-0.03464189649163976,,,,,,,,,,,,,,,,
4,y,51.0,0.06559723561356198,-0.00031531988809982393,0.06591255550166181,,,,,,,,,,,,,,,,
4,y,52.0,0.07737519508604196,-0.0003808459772177471,0.0777560410632597,,,,,,,,,,,,,,,,
4,y,53.0,-0.05933602945915882,-0.00044632747108161756,-0.058889701988077206,,,,,,,,,,,,,,,,
4,y,54.0,0.009864141438276321,-0.0005103890288245603,0.010374530467100882,,,,,,,,,,,,,,,,
4,y,55.0,0.004742450772974697,-0.0005735660796074684,0.005316016852582165,,,,,,,,,,,,,,,,
4,y,56.0,0.04973411371567227,-0.000635646981176037,0.05036976069684831,,,,,,,,,,,,,,,,
4,y,57.0,-0.07237238718342266,-0.0006967293265996155,-0.07167565785682305,,,,,,,,,,,,,,,,
4,y,58.0,-0.035852838373985334,-0.0007561798013790216,-0.03509665857260631,,,,,,,,,,,,,,,,
4,y,59.0,0.04954491749605472,-0.0008140244445231868,0.050358941940577905,,,,,,,,,,,,,,,,
4,y,60.0,-0.03599737401855626,-0.0008694148119212255,-0.035127959206635036,,,,,,,,,,,,,,,,
4,y,61.0,-0.03636166410303087,-0.0009231514008786218,-0.03543851270215225,,,,,,,,,,,,,,,,
4,y,62.0,0.00828728327915167,-0.0009746847686990083,0.009261968047850679,,,,,,,,,,,,,,,,
4,y,63.0,0.015918873904394202,-0.0010237620018153646,0.016942635906209567,,,,,,,,,,,,,,,,
4,y,64.0,-0.015795122872659453,-0.0010704727900024801,-0.014724650082656974,,,,,,,,,,,,,,,,
4,y,65.0,-0.019247218366523842,-0.0011150030535299808,-0.01813221531299386,,,,,,,,,,,,,,,,
4,y,66.0,-0.014392624794357298,-0.0011563795742849338,-0.013236245220072364,,,,,,,,,,,,,,,,
4,y,67.0,-0.019775186928919213,-0.0011945780774234873,-0.018580608851495727,,,,,,,,,,,,,,,,
4,y,68.0,-0.031070131016150235,-0.0012299271639538262,-0.02984020385219641,,,,,,,,,,,,,,,,
4,y,69.0,0.06421208560985896,-0.0012622769174015665,0.06547436252726052,,,,,,,,,,,,,,,,
4,y,70.0,-0.005323760965819955,-0.00129066718842432,-0.004033093777395635,,,,,,,,,,,,,,,,
4,y,71.0,-0.04556469638031186,-0.0013154988198641748,-0.044249197560447685,,,,,,,,,,,,,,,,
4,y,72.0,-0.03867362683853754,-0.0013372803878792616,-0.03733634645065828,,,,,,,,,,,,,,,,
4,y,73.0,-0.012750984750240104,-0.0013547319065520757,-0.011396252843688028,,,,,,,,,,,,,,,,
4,y,74.0,-0.07073522567267565,-0.0013680901084355012,-0.06936713556424015,,,,,,,,,,,,,,,,
4,y,75.0,0.0013240781774831985,-0.0013781327333845866,0.002702210910867785,,,,,,,,,,,,,,,,
4,y,76.0,0.04657264087633969,-0.0013837359537473028,0.04795637683008699,,,,,,,,,,,,,,,,
4,y,77.0,0.003141920652030673,-0.0013847724859639334,0.004526693137994606,,,,,,,,,,,,,,,,
4,y,78.0,-0.0022545170419252425,-0.0013823950258493453,-0.0008721220160758973,,,,,,,,,,,,,,,,
4,y,79.0,0.095349342663497,-0.001375583721354631,0.09672492638485163,,,,,,,,,,,,,,,,
4,y,80.0,-0.05488330080024746,-0.0013643057140755074,-0.05351899508617195,,,,,,,,,,,,,,,,
4,y,81.0,0.05703899846803838,-0.001347831198666957,0.05838682966670534,,,,,,,,,,,,,,,,
4,y,82.0,-0.0430591899332714,-0.0013279754693818588,-0.04173121446388954,,,,,,,,,,,,,,,,
4,y,83.0,0.017710758935006975,-0.0013030622603211748,0.01901382119532815,,,,,,,,,,,,,,,,
4,y,84.0,0.007334243081803745,-0.001273672060591604,0.00860791514239535,,,,,,,,,,,,,,,,
4,y,85.0,0.001355095224374618,-0.0012395059457903314,0.002594601170164949,,,,,,,,,,,,,,,,
4,y,86.0,0.05250533516282843,-0.0012004982242615275,0.05370583338708996,,,,,,,,,,,,,,,,
4,y,87.0,-0.05342030212416849,-0.0011572622098219806,-0.05226303991434651,,,,,,,,,,,,,,,,
4,y,88.0,-0.06821932884708931,-0.0011096922871637058,-0.0671096365599256,,,,,,,,,,,,,,,,
4,y,89.0,-0.003711706973380185,-0.0010572622505015958,-0.002654444722878589,,,,,,,,,,,,,,,,
4,y,90.0,0.004737309755302213,-0.001000461637240978,0.005737771392543191,,,,,,,,,,,,,,,,
4,y,91.0,-0.09387716309047504,-0.0009395445778450932,-0.09293761851262995,,,,,,,,,,,,,,,,
4,y,92.0,0.0376105612250276,-0.0008738943214813382,0.03848445554650894,,,,,,,,,,,,,,,,
4,y,93.0,-0.001477648244175673,-0.0008039074204610963,-0.0006737408237145767,,,,,,,,,,,,,,,,
4,y,94.0,-0.012016047922950863,-0.0007296060910034786,-0.011286441831947385,,,,,,,,,,,,,,,,
4,y,95.0,0.00759040265205981,-0.0006510641882980405,0.00824146684035785,,,,,,,,,,,,,,,,
4,y,96.0,-0.016450838811366966,-0.0005690318719512692,-0.015881806939415696,,,,,,,,,,,,,,,,
4,y,97.0,0.05320206831317224,-0.00048296833425450365,0.05368503664742675,,,,,,,,,,,,,,,,
4,y,98.0,-0.028009394891404697,-0.00039253740922703354,-0.027616857482177664,,,,,,,,,,,,,,,,
4,y,99.0,0.013512980443913625,-0.0002983775630660578,0.013811358006979683,0.03701766899665699,0.00137030781794606,-0.12122346948847433,-0.1081967521089089,0.09974841864087607,-72.62398970655029,0.007877075754322544,-0.15820116259147948,0.00017233185404544243,0.0008188030239102306,0.9990088651220443,0.000395526711378109,"{'sigma': 0.06296569451024116, 'lam': -3.141592499430278}","{'sigma': 0.016368063671588162, 'mu': -0.4409808352785799, 'w0': 1.9090004401021172, 'delta': 2.3870312215734657e-07, 'psi': 0.1}",{'sigma': 0.018345969993504286},0.0001318422371260364
4,y,100.0,0.012613321320476267,-0.00020076019046344238,0.01281408151093971,0.03700870062940268,0.0013696439222767507,-0.11759389160807486,-0.10531244768242701,0.0988238778891814,-153.39820619444575,-0.014641573110413182,-0.15540194323375917,,,,,,,,
4,y,101.0,-0.016671327372138715,-9.954551056210335e-05,-0.016571781861576613,0.036985452317932245,0.0013679236831620398,-0.12980787356623544,-0.09917148072619092,0.10262362129471536,-58.91918380100184,0.013206995162919727,-0.14871390130012221,,,,,,,,
4,y,102.0,0.0003520737525702748,5.187240131715974e-06,0.00034688651243855884,0.03651008347731667,0.0013329861955206318,-0.10701493685840385,-0.09835477669865883,0.11625659136576844,-29.927908455248097,0.019523977390471927,-0.06356903915797696,,,,,,,,
4,y,103.0,-0.10863000803965485,0.00011272676576988152,-0.10874273480542473,0.03762646063716937,0.0014157505400804562,-0.10648381360929834,-0.094156057597713,0.09367875172157042,-21.72238254327154,-0.14494551385467663,0.23981240441542526,,,,,,,,
4,y,104.0,-0.009577508278192731,0.0002233998178313094,-0.00980090809602404,0.03763386826947923,0.0014163080409245157,-0.09655581142315695,-0.0948884299761318,0.09382703925188013,-20.962211820222592,-0.14097455720393332,0.23643705916369323,,,,,,,,
4,y,105.0,0.04921803157785356,0.0003369236140222689,0.04888110796383129,0.03788452074385168,0.0014352369119913283,-0.10221500515363706,-0.13884634344620747,0.09422311374540586,-36.05057862032848,-0.17181230921798837,0.19308742847572988,,,,,,,,
4,y,106.0,-0.022977641519917276,0.0004535506278416413,-0.023431192147758916,0.03790656816255121,0.0014369079098621412,-0.11677647027680887,-0.13689724465939787,0.10554706101687866,-34.36111892145307,-0.1692013870863001,0.18541267092300165,,,,,,,,
4,y,107.0,-0.03580450713356949,0.000573034903924657,-0.036377542037494145,0.03773962067507759,0.0014242789686987442,-0.1100214000775499,-0.15611452231802692,0.10347418117390969,-39.0116974509015,-0.16785339117276962,0.22167617275877513,,,,,,,,
4,y,108.0,0.08720232308226161,0.0006943283235191261,0.08650799475874249,0.03873712142157084,0.0015005645760295223,-0.12780098611319335,-0.16548099019153914,0.13021977736897733,-276.61482308198106,-0.10301807880216732,0.1774309054271465,,,,,,,,
4,y,109.0,-0.0415620594531615,0.0008181261513777731,-0.042380185604539274,0.038917931082583054,0.001514605359748684,-0.1505714949297009,-0.1556464036178787,0.14056750277245122,-104.66610034623753,-0.09585435782310245,0.128859806494038,,,,,,,,
4,y,110.0,0.02013903888171847,0.0009443506431559021,0.019194688238562567,0.038941352635943845,0.0015164289451169305,-0.15653964655920044,-0.1380417712265495,0.13901818678424446,-831.8402364428305,-0.1200008476383783,0.12541276801054838,,,,,,,,
4,y,111.0,-0.05015055021755753,0.0010720648458628734,-0.0512226150634204,0.03924926517946231,0.0015405048171277524,-0.1590520202195921,-0.1185843714980511,0.10619996733081127,-95.34538798371193,-0.1115179581417714,0.05184908889653123,,,,,,,,
4,y,112.0,0.09865863384314946,0.0012013693123352144,0.09745726453081424,0.04034346274716469,0.0016275949864318648,-0.19304136886845705,-0.10497169079015133,0.07639401533261006,152.51571644413858,-0.01179811365780549,0.0900120986377304,,,,,,,,
4,y,113.0,-0.05293018053826486,0.001332507642609709,-0.05426268818087457,0.04054532590219428,0.0016439234525151465,-0.22138981718911147,-0.08510873088961203,0.06016247799493599,-63.07031440322239,0.024359339299184962,0.05501153368386027,,,,,,,,
4,y,114.0,0.028703770210442334,0.0014643220703299078,0.027239448140112425,0.04062754831969712,0.0016505976824693245,-0.22787686374636246,-0.06828559916422816,0.04955419875689378,-86.61145113768836,0.014198989039131778,0.03152703389614864,,,,,,,,
4,y,115.0,0.008589629548056305,0.001597814105593465,0.00699181544246284,0.04063179595745629,0.0016509428427283613,-0.22612058665554136,-0.06992427211339221,0.054065023558548655,-115.47746659770577,0.005516298967047143,0.03011296459282889,,,,,,,,
4,y,116.0,-0.050633578245412106,0.0017322030686405202,-0.052365781314052624,0.04076962304766508,0.0016621621634487034,-0.2309448939063484,-0.08766720444708558,0.0571467376664483,-32.330431656562084,0.04332718137190764,0.008615800810256265,,,,,,,,
4,y,117.0,-0.018759315812355043,0.0018669211731225043,-0.020626236985477546,0.040793445034639726,0.0016641051577941724,-0.2269644031378636,-0.09388927838227266,0.05722905116850278,-25.744679737221258,0.06636703696484939,0.003624123560948402,,,,,,,,
4,y,118.0,0.01852841012112296,0.0020023601146682743,0.016526050006454688,0.040658372703929274,0.0016531032709316213,-0.24504007052102242,-0.09066128892250085,0.06176869998518438,-22.917373995847,0.0745275996845559,0.03893857071798071,,,,,,,,
4,y,119.0,0.04141064358782937,0.0021384644413105502,0.03927217914651882,0.040473906937572426,0.0016381371427912734,-0.22834024177254275,-0.09049982005271312,0.03986184141762812,-21.091478059072188,0.07018739560395386,0.06885836346719103,3.74545797266052e-05,0.0014293075290028156,0.9985332378912706,0.00025521811629472096,"{'sigma': 0.06694137142992407, 'lam': -3.141592533478213}","{'sigma': 0.020704054848637465, 'mu': -0.541283299777886, 'w0': 2.3432082431533785, 'delta': 1.708377883602452e-11, 'psi': 0.1}",{'sigma': 0.019777430575688187},0.00012760905814736053
4,y,120.0,-0.07481725581354683,0.0022747322563518675,-0.0770919880698987,0.04097805854898697,0.001679201282444204,-0.24706708209247136,-0.09193546607095897,0.03421655385219249,-18.099876554384608,0.03967968782394136,0.02965839834807818,,,,,,,,
4,y,121.0,0.09797050980857432,0.0024105668451927784,0.09555994296338154,0.04209900674295467,0.001772326368743343,-0.2775800185741215,-0.071207628930238,0.04220006303920974,-37.18073961937065,0.08442453960500684,0.007773073239747508,,,,,,,,
4,y,122.0,-0.04155398076417888,0.0025463394523523907,-0.04410032021653127,0.042242873652385104,0.0017844603744113718,-0.2872182707189923,-0.04734034752486448,0.030303697336258064,-23.514073209141838,0.11965957856368803,-0.017568031146868234,,,,,,,,
4,y,123.0,-0.022150638573863977,0.0026821165921994614,-0.02483275516606344,0.0419086040817149,0.0017563310960779306,-0.28957351997265524,-0.057757394324681126,0.04217086320892513,-29.138318817236204,0.12232006290512865,0.040070087436614256,,,,,,,,
4,y,124.0,-0.03895485402229237,0.0028167717987163748,-0.04177162582100875,0.04205218350233846,0.0017683861373143474,-0.28190151617115417,-0.046660648129153985,0.020323351140712216,-25.992308918689123,0.12742840949328213,0.008314870517486025,,,,,,,,
4,y,125.0,0.011606995811428666,0.002950638233747891,0.008656357577680775,0.04205956531151923,0.0017690070341939512,-0.283094984429723,-0.04857265261379882,0.016203555251374395,-26.900445836515537,0.12480193761736472,0.0057114089540520885,,,,,,,,
4,y,126.0,0.10441217901477501,0.003083312344904743,0.10132886666987026,0.043297844046655765,0.0018747032990885238,-0.2696327542847169,-0.07139205148451779,0.001653731515491688,-77.02166190277936,0.18317695470221435,-0.012485065465924367,,,,,,,,
4,y,127.0,0.001052390830932099,0.00321566299887832,-0.002163272167946221,0.04327302414435609,0.001872554618598025,-0.26748678689600475,-0.07279991400629794,-0.0008222942844018155,-61.56614988097905,0.19454878689151886,-0.0026077530454499736,,,,,,,,
4,y,128.0,-0.020836176324332375,0.0033463807186407883,-0.024182557042973164,0.043125793277654874,0.0018598340458270224,-0.2717871704817051,-0.0908779378099293,-0.0023524480053177285,-32.30566535171589,0.23183939708400997,0.04426054482479658,,,,,,,,
4,y,129.0,0.025632902486571615,0.0034750940212226523,0.022157808465348962,0.043165052692558284,0.001863221773951333,-0.2771999572842551,-0.09097063876924859,0.010095503202619323,-35.30929623135265,0.2262396075568342,0.03172094559154015,,,,,,,,
4,y,130.0,0.002523646583696273,0.00360266492618341,-0.0010790183424871373,0.04305837272980138,0.001854023462138503,-0.2775018338460734,-0.0933315079293969,0.014562824073843624,-28.81522753661199,0.24563026223263715,0.06704443691811522,,,,,,,,
4,y,131.0,0.02145744422659441,0.0037282267904084976,0.017729217436185912,0.04310165906311047,0.0018577530139926126,-0.27733448176316927,-0.09066645359361442,0.01217929365456395,-33.700062791200125,0.23252472870556007,0.05047580978725311,,,,,,,,
4,y,132.0,0.06097659543041356,0.0038514445318679766,0.057125150898545585,0.043479946057312216,0.00189050570914678,-0.2672401176590232,-0.08978420598396926,0.019588494904806856,-54.97044010417998,0.21912978015839357,-0.03268002563446358,,,,,,,,
4,y,133.0,0.05565088329523085,0.0039722722995010375,0.05167861099572982,0.04370627540213835,0.0019102385095275639,-0.24718437327648918,-0.08394454551720887,0.018569605652881547,1068.0845460761318,0.1802130144145797,-0.09057479723248756,,,,,,,,
4,y,134.0,-0.05598531035107317,0.0040914093325223186,-0.060076719683595486,0.04411525848424936,0.001946156031132135,-0.2593995499037066,-0.10066885061983172,0.012008576862777983,-83.43161228500595,0.19124582114805203,-0.15411553128705704,,,,,,,,
4,y,135.0,-0.03629647452711194,0.004208468798381332,-0.04050494332549327,0.044294098759981686,0.001961967184959011,-0.24380069232129292,-0.1107113140104649,-6.085106321731923e-05,-49.89626224161631,0.2087158241125696,-0.18709703102736758,,,,,,,,
4,y,136.0,0.04657037240970007,0.004322102594078336,0.042248269815621735,0.04450043022730679,0.0019802882904154,-0.2502394668866217,-0.12157933353515499,0.011233289321001684,-126.75033568952804,0.18102407053570901,-0.24020123062889928,,,,,,,,
4,y,137.0,0.033398802492926524,0.004432992128430704,0.02896581036449582,0.044353931796271354,0.0019672712657882907,-0.2565821755202766,-0.12302020953055309,0.019169010462485092,-92.10027234367524,0.18567315282598834,-0.21030358666672208,,,,,,,,
4,y,138.0,-0.03958745451244298,0.004541841551535301,-0.04412929606397828,0.04428821420216174,0.0019614459172165605,-0.25830545623653883,-0.11591100470143462,0.02622161301180986,-32.531890677724846,0.2267689963557827,-0.18211516579071688,,,,,,,,
4,y,139.0,-0.01804832321205369,0.004647002593060116,-0.022695325805113804,0.04429577721236243,0.0019621158788472467,-0.2626928822436138,-0.11831446260843813,0.023674958935303286,-33.154456513396745,0.22755308705880542,-0.18360086289101976,2.9489191135352864e-07,0.9960827195365219,0.003916985571566847,0.00038797696722682354,"{'sigma': 0.07243020066864116, 'lam': -3.1415926535897873}","{'sigma': 0.026265044479801825, 'mu': -0.6016517232658529, 'w0': 2.6045423502576077, 'delta': 5.634478439375812e-10, 'psi': 0.1}",{'sigma': 0.02181530183607483},0.00017243420765636602
4,y,140.0,0.08707554588124004,0.004749363366212637,0.08232618251502741,0.044526988152303826,0.0019826526739154054,-0.26771590327999245,-0.12700174825569618,0.047059327961040426,184.8579740320336,0.22674957956626174,-0.21015859839348786,,,,,,,,
4,y,141.0,-0.04909688109196127,0.004848759468743149,-0.053945640560704416,0.04484426997102606,0.002011008549234269,-0.2848068143677763,-0.1213450094934451,0.057251718145784516,-141.17137343509435,0.2454097356376693,-0.2561618185351726,,,,,,,,
4,y,142.0,-0.003797014720681758,0.004944661921121132,-0.008741676641802889,0.04478153307915757,0.0020053857049196835,-0.28527467265987105,-0.12726310522121892,0.06571519793549024,-75.00710422827765,0.2669491708335952,-0.2334525956869515,,,,,,,,
4,y,143.0,0.006348679950145805,0.005036567091874628,0.001312112858271177,0.04468953148562776,0.0019971542244049145,-0.29202317793797117,-0.12040525114989278,0.067735625558793,-55.19831683669909,0.2837862422447868,-0.20493374125327704,,,,,,,,
4,y,144.0,-0.050039075563307535,0.005125336954188673,-0.05516441251749621,0.044865198176282275,0.0020128860073970827,-0.28394454485093995,-0.1155776134712347,0.08113851729101954,-27.16532035108011,0.31851325173964706,-0.20808519635427694,,,,,,,,
4,y,145.0,0.034785088161690673,0.0052109661200475344,0.029574122041643138,0.04464151237375315,0.0019928646270159552,-0.29554720950863206,-0.11527341715317309,0.08517431363707854,-60.252587882561784,0.28645221727315967,-0.19546784637164782,,,,,,,,
4,y,146.0,0.026461864660611,0.005292732602588619,0.021169132058022382,0.04467813041748375,0.001996135337601687,-0.29096266844105395,-0.11943113470362722,0.08625639002979264,-135.33133871447762,0.2628183117290052,-0.21351523599462688,,,,,,,,
4,y,147.0,0.01484373399926331,0.005370180211867194,0.009473553787396116,0.04469042537969476,0.0019972341206180655,-0.2896258724297319,-0.11755965776930916,0.08318738841482044,-243.94393889598774,0.25638391287587436,-0.21889294984972482,,,,,,,,
4,y,148.0,0.035851895384982575,0.005444196091342674,0.0304076992936399,0.04477177393899488,0.002004511741644461,-0.2884024330016741,-0.11114853136026108,0.08305595649300125,1844.1803227751293,0.24766825091676672,-0.24088886603811605,,,,,,,,
4,y,149.0,-0.00973690279531024,0.005514288547702867,-0.015251191343013107,0.04477949780050988,0.0020052034232658695,-0.2887478460615543,-0.11726554770476884,0.07771903402189771,-251.3016896315925,0.2647561193568638,-0.2366131724397045,,,,,,,,
4,y,150.0,0.09443470028339347,0.005580246922937173,0.0888544533604563,0.04554127197208618,0.0020740074528355222,-0.28202107516015695,-0.08870174482106277,0.07195305853888398,40.84169569017197,0.25218303676660103,-0.29603948634531835,,,,,,,,
4,y,151.0,-0.09197177512233856,0.005642321394055347,-0.09761409651639391,0.04608851837000912,0.0021241515255426683,-0.3459908488142201,-0.06187352487043009,0.051513652841053,-100.05713476768308,0.22365348786938158,-0.22876552739516087,,,,,,,,
4,y,152.0,0.017004155243019556,0.005700700802152146,0.01130345444086741,0.0454084300228014,0.0020619255171356516,-0.3300769558664373,-0.060468605396322865,0.04849820402988497,-42.663767195293765,0.22410246429430242,-0.14046290393128183,,,,,,,,
4,y,153.0,-0.04981677005605563,0.005754494267179907,-0.05557126432323554,0.045367743341934434,0.002058232135939636,-0.3304045920957727,-0.03160920370666525,0.03876038488601606,-46.812382221267804,0.22580116643847922,-0.13617120313016043,,,,,,,,
4,y,154.0,0.02311401886059637,0.0058050696581539735,0.017308949202442393,0.04539232848611162,0.0020604634853910605,-0.333509091714827,-0.03369192386825502,0.03278538492381036,-54.25544097639235,0.22135130348322402,-0.14369666113615498,,,,,,,,
4,y,155.0,0.05454267316335715,0.005851398589141217,0.04869127457421593,0.04566983312819222,0.0020857336579569235,-0.3304575262495269,-0.04461864577806141,0.0371647390091349,-134.86296062763176,0.20236003871330946,-0.2069632402635134,,,,,,,,
4,y,156.0,-0.11299171762464152,0.0058930136128913365,-0.11888473123753286,0.046844893172821915,0.002194444016373097,-0.3346756328927337,-0.046244740947214896,0.05312499411358272,-23.82876118193717,0.12238793884839926,-0.07057405594015624,,,,,,,,
4,y,157.0,0.024656222595097473,0.005931425012775039,0.018724797582322435,0.0463822483149639,0.002151312958750972,-0.3504442963339592,-0.023469358222325643,0.0447087959777576,-46.58671600104207,0.10052594645375534,-0.008854065205982434,,,,,,,,
4,y,158.0,0.13683854604394527,0.005966133737589492,0.13087241230635577,0.048136917980333725,0.0023171628726453763,-0.3187541849203952,-0.09805352349054727,0.06900842865089953,65.82350985823737,0.20633804067274752,0.15664238905127778,,,,,,,,
4,y,159.0,-0.03567294741265619,0.0059954280111439,-0.04166837542380009,0.048029580926021054,0.0023068406439292056,-0.32362178494647026,-0.09408730016720757,0.08650636409768267,-397.34642456090904,0.2475945476617821,0.19510654766043795,2.7827915071570994e-10,0.9999864903804677,1.35093412531373e-05,0.00036944248054552594,"{'sigma': 0.07433226629077043, 'lam': -3.141592644349259}","{'sigma': 0.026965292261886376, 'mu': -0.5946784177543656, 'w0': 2.574355097594025, 'delta': 9.519679855518604e-08, 'psi': 0.1}",{'sigma': 0.022438623774369258},0.00016419665802023373
4,y,160.0,-0.057427529632951675,0.006021657973347547,-0.06344918760629922,0.04831155256690649,0.0023340061114249687,-0.31546210334572644,-0.1244620535441748,0.08268675092575697,-144.13726527184625,0.24309843271765347,0.15095957341860133,,,,,,,,
4,y,161.0,0.06848259031557577,0.0060437319191746315,0.06243885839640114,0.0486167545894235,0.002363588826808231,-0.32644283869407315,-0.13189351312047765,0.11395669557269487,68.16084368426742,0.20422431938687244,0.08115916679975581,,,,,,,,
4,y,162.0,0.04707663847735748,0.0060613557315920205,0.041015282745765456,0.04878766341820344,0.002380236101807906,-0.312077149450087,-0.1409652094028255,0.10655114218993424,44.305751027294036,0.18863595787250506,0.03739594561236119,,,,,,,,
4,y,163.0,-0.005862210154850023,0.006075027231688956,-0.01193723738653898,0.04876792166769497,0.0023783101837864325,-0.31209189981166086,-0.1415858771229799,0.10980636386992547,55.208059748018854,0.2063817628547925,0.04718361180523081,,,,,,,,
4,y,164.0,-0.03829879622606811,0.006085759511193776,-0.04438455573726189,0.04894246909018417,0.0023953652806436325,-0.31005375521167533,-0.14907539586712415,0.09559028148383251,74.34549836199658,0.21575555317290868,0.01443063448571857,,,,,,,,
4,y,165.0,0.06794000634385812,0.006091825452400104,0.061848180891458014,0.04931570695861597,0.002432038952828084,-0.3188760579340312,-0.1523096425041576,0.10350285812094852,32.228625453338545,0.18323471681258222,-0.06404145141017763,,,,,,,,
4,y,166.0,-0.01807653409918734,0.006094033440364651,-0.02417056753955199,0.049356471575865646,0.0024360612864192336,-0.32336661134273526,-0.14899298012535514,0.10905171515460901,33.050966263604906,0.18859683361767982,-0.07180217886475401,,,,,,,,
4,y,167.0,0.06528286776920413,0.006093162023643771,0.05918970574556035,0.049681118157736535,0.002468213501402979,-0.3295511269333267,-0.12776110539830626,0.09663486043970097,21.19569599022825,0.15541210694568802,-0.1394485545637894,,,,,,,,
4,y,168.0,-0.03282854808771368,0.006088794071935217,-0.0389173421596489,0.04974486309410292,0.0024745514042510425,-0.33108064796950837,-0.1240424255608521,0.08055676011879749,21.383309816700695,0.1576547928837384,-0.15069918356802178,,,,,,,,
4,y,169.0,0.022980378724529675,0.006080144385906078,0.016900234338623598,0.049335906387160226,0.002434031659042637,-0.3345986623092631,-0.10835238445046813,0.09015171159354816,25.776017907344926,0.16821331688109173,-0.07850624385888055,,,,,,,,
4,y,170.0,-0.014407262691510592,0.0060683541866016965,-0.02047561687811229,0.04937569667122053,0.0024379594217683776,-0.33759195473288833,-0.10548745155318077,0.08400990078443071,27.08205687020225,0.17730720226209506,-0.08552742973880484,,,,,,,,
4,y,171.0,0.04692071440410065,0.006053230026633185,0.04086748437746747,0.04934775268639121,0.0024352006951972307,-0.34886982674522526,-0.10485390773330319,0.0650006795319486,17.95741856406166,0.13805539964334898,-0.0918401534156193,,,,,,,,
4,y,172.0,0.026630908456241872,0.006034226938482398,0.020596681517759473,0.04924092896766893,0.002424669085599017,-0.3471274967218452,-0.11901394571585172,0.06660724074534762,14.477993057092414,0.1082725919606816,-0.07527002291068764,,,,,,,,
4,y,173.0,-0.008180399978616013,0.006012127604706261,-0.014192527583322272,0.049248786149357814,0.002425442937185178,-0.35538886029943334,-0.12122461483312356,0.07057660385724954,14.288288715513364,0.10982231124587633,-0.07688461119122164,,,,,,,,
4,y,174.0,0.00021828303187216257,0.005986831947206616,-0.005768548915334453,0.04874035699604832,0.002375622400102236,-0.3580977990750058,-0.10946314827622508,0.07095533273584313,11.726780373314869,0.10419339228287139,-0.0021274351688525274,,,,,,,,
4,y,175.0,-0.1205498805525583,0.005959158099108472,-0.12650903865166677,0.05039353824804626,0.0025395086971573013,-0.34428169382352714,-0.09751269878032764,0.05864523542503697,17.154725073769686,0.0037341093315618255,0.05521189460555633,,,,,,,,
4,y,176.0,0.07697265740350841,0.005928212361176187,0.07104444504233222,0.05066653804073215,0.002567098077032958,-0.3678937255803106,-0.09886617481441401,0.03580062871614397,15.63015220880171,0.009247739859593929,0.020092879737024814,,,,,,,,
4,y,177.0,0.08050709109105157,0.005894174198057568,0.074612916892994,0.051205170314724865,0.0026219694669599807,-0.33998508616738027,-0.1356890591981922,0.034260313875106155,12.752700794380983,-0.0016526898417676072,-0.06275994184686035,,,,,,,,
4,y,178.0,0.05726549799514555,0.005857487874388995,0.051408010120756555,0.05145045124375924,0.002647148933186447,-0.3256192251486591,-0.12037626145755576,0.007534280242943339,11.159549974527037,-0.02313772284423193,-0.11005466461113309,,,,,,,,
4,y,179.0,-0.08863513472040227,0.0058176894579628335,-0.0944528241783651,0.05143532031453497,0.002645592175858813,-0.3244502679333516,-0.16986993253522653,-0.0032804047811725886,18.564709048317,-0.041651343447637476,-0.11587678830232984,1.3667240007941151e-09,0.9999972878595635,2.7107737124141837e-06,0.00045022408144488105,"{'sigma': 0.0810632613914751, 'lam': -3.141592592857893}","{'sigma': 0.022921077414387092, 'mu': -0.42815899279565006, 'w0': 1.8534946175541016, 'delta': 2.6206873338097125e-09, 'psi': 0.1}",{'sigma': 0.024346918882193435},0.00024557677169720793
4,y,180.0,0.012563077130576495,0.005776111140233157,0.0067869659903433376,0.051156910889270955,0.0026170295317328096,-0.31294124774042387,-0.1781752179320021,0.002779910340570166,14.849350902636775,-0.06674229935615224,-0.06078273786462434,,,,,,,,
4,y,181.0,0.04866144644427891,0.0057319218964513845,0.04292952454782752,0.051002991452157774,0.002601305137068879,-0.30425551008514196,-0.19574048069267883,0.009471284888941084,15.173659224045066,-0.06724927871931129,-0.03767763702054653,,,,,,,,
4,y,182.0,0.0202741058185343,0.005685460304270206,0.014588645514264094,0.05084571784982775,0.002585287023664292,-0.29895359302487073,-0.1946349626238225,0.004418596543801484,12.728556225032868,-0.09576094471353547,-0.0009703555247436228,,,,,,,,
4,y,183.0,0.02534973416687092,0.005636942949142008,0.01971279121772891,0.05084829651064519,0.0025855492580344913,-0.29839336117615867,-0.19090166059513225,0.0009674959875414389,12.490346746623487,-0.09611045280758088,-0.001513870745447197,,,,,,,,
4,y,184.0,-0.018777054175781054,0.005585678042914709,-0.024362732218695764,0.050903992207163816,0.0025912164226269945,-0.2997762396180953,-0.19476215109936656,-0.0014485310827605361,13.360997404952457,-0.07724900506130773,-0.01673904083567324,,,,,,,,
4,y,185.0,0.0343739924025744,0.005533536440614476,0.02884045596195993,0.05098267812543064,0.002599233468841264,-0.30381575304168384,-0.19281936753857254,0.0006957630649712106,12.314407891762858,-0.09087508859491066,-0.032877984125062584,,,,,,,,
4,y,186.0,-0.0025640665680967513,0.005478685213493345,-0.008042751781590095,0.05070775078457199,0.0025712759896302606,-0.29650513168458253,-0.18002139037859666,0.0008324952404113973,14.127123749572279,-0.0668891306016555,0.016916657081709946,,,,,,,,
4,y,187.0,-0.06405754004386705,0.005421991106935815,-0.06947953115080285,0.050916168152367096,0.0025924561793201216,-0.3097088546756173,-0.1876743782779065,0.008729853939991502,14.61840847012042,-0.07081803579070423,-0.009327116015758804,,,,,,,,
4,y,188.0,0.0005138659058317053,0.005364675034709055,-0.00485080912887735,0.050466694695347224,0.002546887273473388,-0.3088550026790682,-0.18779515404754127,-0.01780257029925542,12.101311640393316,-0.08633221156691374,0.0720394347701749,,,,,,,,
4,y,189.0,0.11812333855662459,0.005305316911316905,0.11281802164530769,0.05169839663774435,0.0026727242149135366,-0.30378927843970926,-0.21692591323346894,-0.020998829721212024,9.59385388660524,-0.04316944417699393,0.020425508724575405,,,,,,,,
4,y,190.0,-0.0036534576458901163,0.005244247513480837,-0.008897705159370953,0.05170761197532519,0.0026736771361907928,-0.30471886115451313,-0.21791457600913355,-0.017636378671702344,9.747340265108193,-0.03457575727527244,0.01776652011188317,,,,,,,,
4,y,191.0,-0.07961594246666368,0.005182117155870311,-0.08479805962253399,0.051563546033109094,0.0026587992795085607,-0.2891826136176873,-0.25141340995161265,-0.020551186299654352,9.46570967481871,-0.02467333735222082,0.016189519571610037,,,,,,,,
4,y,192.0,0.008020423475345484,0.005119740472368556,0.002900683002976928,0.05142940048143704,0.0026449832338800365,-0.2860067749164278,-0.25036575889346974,-0.02043048007480098,9.983378228071855,-0.00747232582278857,0.045412933767148396,,,,,,,,
4,y,193.0,-0.04919601327324308,0.005055470698689799,-0.05425148397193288,0.05172833179627144,0.0026758203104251467,-0.28486104453827393,-0.2270887196282247,-0.01813101253152246,11.066495589701212,0.011602505466184618,-0.012422615256933443,,,,,,,,
4,y,194.0,0.05931445887568989,0.004990014957841209,0.05432444391784868,0.051989436408010174,0.0027029014980225335,-0.2925495355522785,-0.22658558976519752,-0.03280998735707838,9.649788980707461,-0.015805242001839907,-0.06196795779428889,,,,,,,,
4,y,195.0,0.02305811404210891,0.004924589314380797,0.018133524727728115,0.05201196095760838,0.0027052440826557784,-0.2872716040510696,-0.23125382185474283,-0.03199956885979535,9.384542311006674,-0.021287836603747525,-0.06695831951345269,,,,,,,,
4,y,196.0,0.009098030224447782,0.004857666264712811,0.004240363959734971,0.05198289431339044,0.0027022213011971205,-0.2851681683931204,-0.23178863483467024,-0.03163309378335518,8.965984364438608,-0.032785588213731426,-0.059885757757836236,,,,,,,,
4,y,197.0,0.03842440486164887,0.0047902416432004,0.033634163218448476,0.051818824903550366,0.0026851906143848113,-0.2804474463730565,-0.23286007506104459,-0.027350120434513996,9.171451770188986,-0.02924113939116098,-0.031166838817168308,,,,,,,,
4,y,198.0,0.03938680897742458,0.00472297535678727,0.03466383362063731,0.051839419836507736,0.002687325448985712,-0.27458896702133095,-0.23123880839918776,-0.02724823343124912,8.197283620396796,-0.06146190531759969,-0.03315053848554823,,,,,,,,
4,y,199.0,-0.02987369734454562,0.0046547952417846095,-0.03452849258633023,0.05195472298558621,0.0026992932405090005,-0.2784474807618827,-0.23396625282733166,-0.02750362463209551,8.820673174986549,-0.03631042734234358,-0.059547945337340605,3.2168599413185604e-09,0.9999981228339726,1.873949167424742e-06,0.0006434870101893025,"{'sigma': 0.08638273570408012, 'lam': -3.14159262572468}","{'sigma': 0.022905855809547848, 'mu': -0.3970417370469812, 'w0': 1.718788426503103, 'delta': 1.1102230246251565e-15, 'psi': 0.1}",{'sigma': 0.025670981273928778},0.00025739480407572103
4,y,200.0,-0.030622638687057155,0.004586279904326102,-0.035208918591383254,0.05207234362898742,0.0027115289710153466,-0.27157811846401986,-0.2374308819302586,-0.027814753141434553,9.540992736201943,-0.011590745513231688,-0.08517833593060661,,,,,,,,
4,y,201.0,0.04006926004537229,0.004518160820183396,0.0355510992251889,0.0521537178359912,0.002720010284116187,-0.2751996200288672,-0.25451765793255404,-0.024483564356377694,8.655996213722473,-0.03877398346334388,-0.10104804904345042,,,,,,,,
4,y,202.0,-0.029653164126824873,0.004449252694908902,-0.034102416821733775,0.052276348035822644,0.002732816563962458,-0.2855465320941161,-0.24820011995256647,-0.019071164307231735,9.13107634610423,-0.021638114508098574,-0.12753524732729327,,,,,,,,
4,y,203.0,-0.09941056389274201,0.004379954163637276,-0.10379051805637929,0.05217324485853997,0.002722047479069167,-0.2759468817937772,-0.24282644235216888,-0.014674137793548488,8.968640481098138,-0.012182349539876569,-0.1397613780837734,,,,,,,,
4,y,204.0,0.06293204751534782,0.004311077690118985,0.05862096982522884,0.0524726535271347,0.0027533793681787213,-0.290016706975971,-0.2502252117927452,-0.00931284195714151,8.020407445009964,-0.03842836893757207,-0.1904369207473067,,,,,,,,
4,y,205.0,0.09100553887932532,0.00424201259441258,0.08676352628491274,0.052948496415794286,0.00280354327269338,-0.26398353094585425,-0.2695608632128627,-0.03603775829023745,7.607250130689902,-0.02425954939449711,-0.22932913416185094,,,,,,,,
4,y,206.0,-0.08965625951094078,0.0041731228518754986,-0.09382938236281628,0.05375806768428593,0.002889929841148267,-0.28983315634479545,-0.2796117347683872,-0.0016643932020404069,8.541864877911888,-0.04117498355815646,-0.29141298942032695,,,,,,,,
4,y,207.0,0.023463931354662824,0.004105122857808114,0.01935880849685471,0.053647488831384225,0.002878053057913495,-0.28368382035571876,-0.27834296480485654,0.004476300920112793,7.790618255410848,-0.06916867867000431,-0.2685537147789457,,,,,,,,
4,y,208.0,0.07673954796067219,0.004036876033687812,0.07270267192698437,0.05344603354581982,0.002856478501780897,-0.2677054631174973,-0.3043693296189433,0.04277936321667359,7.881107991002291,-0.07879357734077323,-0.26041645605424024,,,,,,,,
4,y,209.0,-0.03290097994593392,0.003968756913575082,-0.036869736859509,0.05340245040405088,0.0028518217091571137,-0.27285618295194,-0.31703283316592373,0.07204428803292627,7.7753775839305925,-0.08018736701726485,-0.2529541646036978,,,,,,,,
4,y,210.0,-0.0212503979864854,0.0039010609218657587,-0.02515145890835116,0.05344429785439731,0.0028562929731495374,-0.2662512894943217,-0.3320359878189323,0.07422319796847933,8.280475805517153,-0.05631382233172212,-0.26359320283376075,,,,,,,,
4,y,211.0,0.05219926652346125,0.003833971384453216,0.04836529513900803,0.053374282549519876,0.002848814037675982,-0.2567819321291683,-0.3511115818915656,0.0905979666733864,7.137743817847827,-0.09671212812190606,-0.2476435941063272,,,,,,,,
4,y,212.0,-0.062099939810933084,0.003767047598333897,-0.06586698740926698,0.05294523999362593,0.002803198437982647,-0.2512632800684045,-0.35603781455926486,0.09900614654122994,9.019375603138995,-0.08601803095099884,-0.2507697487054136,,,,,,,,
4,y,213.0,-0.07540523474995513,0.003700736665106453,-0.07910597141506158,0.053265212062544524,0.0028371828160678385,-0.22316278949095333,-0.3649302158452195,0.09572071652697163,9.435125564259602,-0.09385345162430703,-0.2776674454319823,,,,,,,,
4,y,214.0,-0.04407931168447097,0.003635211448123331,-0.0477145231325943,0.0534180456142381,0.002853487597244822,-0.20685999581158176,-0.34590694417595047,0.08888305271896937,10.862657161443986,-0.05909999341411967,-0.3077280168017923,,,,,,,,
4,y,215.0,0.09544278715874996,0.0035699001413414784,0.09187288701740848,0.05419647901345694,0.0029372583374560786,-0.21817936503577093,-0.36244731786024287,0.06475650546137914,9.366640541752997,-0.05460327728410946,-0.3743188024539662,,,,,,,,
4,y,216.0,-0.07885643462635211,0.003505474638771224,-0.08236190926512334,0.054576527221913765,0.002978597323604294,-0.24383364147503991,-0.34165621059513546,0.09444973313860695,9.915994275224222,-0.06374265382005612,-0.40229874021176026,,,,,,,,
4,y,217.0,0.051765350504327054,0.0034419100150335025,0.04832344048929355,0.05473962097647783,0.0029964261046484517,-0.2525361495916638,-0.31889456020811635,0.08069856364767326,8.815981487596817,-0.09434033430596883,-0.42438755673128836,,,,,,,,
4,y,218.0,-0.06770387825204043,0.0033787117678680933,-0.07108259001990852,0.055194172784824996,0.0030463967094011162,-0.263512132000216,-0.29118301966680943,0.05225925991976483,10.322818442255496,-0.0669839195920458,-0.4854071820149432,,,,,,,,
4,y,219.0,0.04221973797239883,0.00331627691718878,0.038903461055210045,0.05519156994268904,0.0030461093927387365,-0.26304989965990966,-0.3009089461802606,0.04657981229660002,10.306735203717027,-0.06688977422543876,-0.4850317556777715,3.07321553202579e-20,1.0,1.903680195381857e-18,0.000553950852312232,"{'sigma': 0.08856791845731586, 'lam': -3.1415919517165536}","{'sigma': 0.024146655911751358, 'mu': -0.3843877328457519, 'w0': 1.7611271073403343, 'delta': 0.09711769760196343, 'psi': 0.1}",{'sigma': 0.025997953448820603},0.0003021550103521266
4,y,220.0,0.11414261825318897,0.0032540939010411445,0.11088852435214783,0.055720378588235815,0.003104760590016328,-0.2249471276294364,-0.3349378500255107,0.05666151029417294,7.691402194773806,-0.060357405688535405,-0.4565612723008696,,,,,,,,
4,y,221.0,-0.0003199600788537111,0.0031928728075886347,-0.0035128328864423458,0.054922177190067464,0.0030164455472971668,-0.21196633086540775,-0.33168634003663033,0.07315173612508812,8.771272654989131,-0.058125248542450395,-0.3952216511171377,,,,,,,,
4,y,222.0,-0.06828392268247184,0.003132656829351696,-0.07141657951182354,0.05521791469599869,0.003049018103374588,-0.21384832270985987,-0.35783463087890777,0.06382277457774795,9.211740186599418,-0.05992413289066009,-0.4264352918796834,,,,,,,,
4,y,223.0,-0.00564301093201767,0.003073400125525985,-0.008716411057543654,0.055164866200519046,0.0030431624629211687,-0.214141955218035,-0.3573966584011206,0.06896472719619026,8.956245354790505,-0.06802465337095931,-0.415905403708582,,,,,,,,
4,y,224.0,0.05213208098693321,0.0030147070077543347,0.049117373979178876,0.05519693196211525,0.0030467012980303805,-0.21464028129138624,-0.35703943323862586,0.06748038845768937,7.806935063926111,-0.10671854589881408,-0.4144574867905017,,,,,,,,
4,y,225.0,-0.04791386038466525,0.0029561978652811473,-0.05087005824994639,0.05544701181348021,0.003074371119044214,-0.2270157713410056,-0.3534863998944115,0.08006905579045313,8.56319884999404,-0.08146918050145317,-0.45782955312609885,,,,,,,,
4,y,226.0,0.043523076252122886,0.0028990244376293607,0.04062405181449352,0.05467105437639819,0.002988924186627087,-0.23522581183299504,-0.34254313168389394,0.07266819809114126,9.319760156929815,-0.1098039607854565,-0.4268935520455672,,,,,,,,
4,y,227.0,0.025182279689881213,0.002841952040537973,0.02234032764934324,0.054711641417359805,0.0029933637065817607,-0.2320987104756059,-0.34446278023473237,0.07577675659202382,8.958191363542674,-0.12265627719077489,-0.43238780258672954,,,,,,,,
4,y,228.0,-0.02935579317652244,0.0027861339740610845,-0.032141927150583526,0.05475477594650075,0.0029980854889514975,-0.23249006526861443,-0.3479225723331949,0.08267238243051024,9.092084602802247,-0.11922094860193055,-0.44051315706201233,,,,,,,,
4,y,229.0,0.045535661013976506,0.0027310669932870107,0.04280459402068949,0.054873540165352105,0.003011105410278511,-0.2360660306098687,-0.3452721741885697,0.08431921072582871,8.82030564504757,-0.12603974226889256,-0.4581888926754669,,,,,,,,
4,y,230.0,-0.050503109822747465,0.0026762987165318826,-0.05317940853927935,0.05514369559452909,0.0030408271638220873,-0.24174996009206873,-0.33834345300840724,0.08080763758474027,9.689620638459676,-0.10524905088898198,-0.5038797180737093,,,,,,,,
4,y,231.0,-0.03752344277734283,0.0026229584597148763,-0.04014640123705771,0.05526831039223531,0.003054586133612465,-0.23720566600273135,-0.346648846014347,0.08884040360103738,10.834379033853082,-0.07698116055836365,-0.52805403222249,,,,,,,,
4,y,232.0,0.045666932560277027,0.0025701775093776953,0.043096755050899334,0.05514019573729669,0.0030404411859473925,-0.2539536486911285,-0.34430552909496753,0.10298066746264968,11.143708249055774,-0.07620069434786746,-0.5132061861727342,,,,,,,,
4,y,233.0,0.04122144504518899,0.002517742879631772,0.03870370216555721,0.05503283257701649,0.0030286126614499274,-0.23904123012809478,-0.3429828937866388,0.08878443347741992,11.456087869871011,-0.07435173571227373,-0.499451812349927,,,,,,,,
4,y,234.0,-0.007630354796347569,0.0024660060197841892,-0.010096360816131758,0.054707709754706825,0.002992933506605244,-0.25037070386198895,-0.3380676257439994,0.0964574676201912,10.346892905819246,-0.09006859462019755,-0.449944062296309,,,,,,,,
4,y,235.0,-0.006831934961412407,0.0024158299373261984,-0.009247764898738605,0.054560159108596254,0.002976810961955339,-0.24553328280717862,-0.3358482032762643,0.08911105740056402,9.77429992675833,-0.10402253914218819,-0.42237571970348947,,,,,,,,
4,y,236.0,0.07251601048268771,0.0023656821103140366,0.07015032837237367,0.054844806702825294,0.00300795282227027,-0.25087315325343923,-0.3313939416128735,0.10084488381485118,9.388889838053016,-0.10160216585128289,-0.45148128138304433,,,,,,,,
4,y,237.0,-0.05708548667341415,0.002316046906901085,-0.05940153358031523,0.05510244069692595,0.003036278970758241,-0.25826513418540525,-0.325815829574101,0.09567022720040645,11.161988172603234,-0.06605864884960062,-0.49170556874373184,,,,,,,,
4,y,238.0,-0.0077673478510882086,0.0022679002204355515,-0.01003524807152376,0.05493054887637337,0.003017365199859644,-0.25911048237486894,-0.31786553889234903,0.08845325131203871,10.453371893823341,-0.08032818858899454,-0.4617017791921462,,,,,,,,
4,y,239.0,-0.0401163838436112,0.0022202783351277042,-0.0423366621787389,0.055049487129817394,0.003030446033255931,-0.25342410108905833,-0.3124745619758228,0.07672896698963884,10.935241047761663,-0.07298347108202863,-0.4819235053185045,9.97434653611351e-13,0.999999999887377,1.1162568305824686e-10,0.0004592758925609042,"{'sigma': 0.09453036589887326, 'lam': -3.141592653589785}","{'sigma': 0.02628960033782346, 'mu': -0.4098677731365239, 'w0': 1.774312167122425, 'delta': 8.619960301103902e-11, 'psi': 0.1}",{'sigma': 0.027824363860628823},0.0003532891481237725
4,y,240.0,0.08043453613301542,0.0021720134886603617,0.07826252264435506,0.05498983152277705,0.003023881570903404,-0.25034744798821973,-0.31298559769705975,0.06020969162969507,11.069418108438287,-0.07578939257788521,-0.4805640743150341,,,,,,,,
4,y,241.0,0.11386775443859068,0.0021258532981993723,0.1117419011403913,0.05582826091957868,0.0031167947173045565,-0.21744728687369314,-0.32298481998495077,0.045387003318510415,8.46219698453804,-0.07188535936515411,-0.46997974203765996,,,,,,,,
4,y,242.0,-0.0698904879641817,0.002080409728367037,-0.07197089769254873,0.05630678932043919,0.0031704545235763247,-0.23742889621883598,-0.33928403607338575,0.056279062556431114,9.484946504226675,-0.058958880015609484,-0.5296848801466891,,,,,,,,
4,y,243.0,0.0084893668460225,0.0020341427992543438,0.006455224046768156,0.0563091161160329,0.003170716557768876,-0.23778372003258366,-0.3312572264444045,0.05694446598774815,9.451257101014255,-0.061739860918137504,-0.5298782715778741,,,,,,,,
4,y,244.0,0.07839992200110753,0.001989427020236254,0.07641049498087127,0.05651121004185348,0.0031935168603944818,-0.23108866923571583,-0.34145157863114445,0.0834742705140427,7.803007973842108,-0.09792108892592409,-0.5377345340692172,,,,,,,,
4,y,245.0,-0.0641818503988715,0.001945666119192944,-0.06612751651806445,0.05686082585052579,0.0032331535164038224,-0.2453746996880303,-0.34109437910986135,0.09582258682325048,9.094000446383244,-0.06396871229410854,-0.5837862257768449,,,,,,,,
4,y,246.0,-0.005277367232720212,0.0019018710951573307,-0.007179238327877542,0.056833673049541476,0.0032300663923021775,-0.24236399971403472,-0.3424459879084159,0.0968060738530066,9.575740979357295,-0.04924239372129397,-0.5803088642738371,,,,,,,,
4,y,247.0,0.041952451411677236,0.0018585684933398927,0.04009388291833734,0.056959616442833635,0.003244397905314724,-0.24388145505363026,-0.3471770345233165,0.10405400921798505,9.177769034889415,-0.06218630028449335,-0.5989846965678726,,,,,,,,
4,y,248.0,-0.1525076567123393,0.001816171053772301,-0.1543238277661116,0.05898115495588423,0.0034787766399300268,-0.2517180830543436,-0.3430367497008085,0.1423888866363498,13.64463094346397,-0.15232806395153822,-0.4240013450460824,,,,,,,,
4,y,249.0,0.09944818314881407,0.0017737237718770224,0.09767445937693704,0.05976357297462193,0.0035716846546929608,-0.28201788747232515,-0.3358494562194107,0.1384961511607492,11.037659797707065,-0.15900030960479952,-0.4740446358131341,,,,,,,,
4,y,250.0,0.05593606222891748,0.001732079467049686,0.05420398276186779,0.05934835995891644,0.0035222278298131164,-0.24346323713542814,-0.35321148494023896,0.16183495499166398,11.799984873809068,-0.170460413774265,-0.4488520569055161,,,,,,,,
4,y,251.0,-0.08361879321175136,0.0016912813674915513,-0.08531007457924292,0.05915490761103385,0.00349930309446995,-0.2538335271464341,-0.3923571757960595,0.20135035135896395,11.56937867270492,-0.1628695359062518,-0.44663104257354547,,,,,,,,
4,y,252.0,-0.005188134827680487,0.0016503986033651074,-0.006838533431045594,0.05915027364440721,0.003498754872208254,-0.24864313386385223,-0.392618535785,0.19547529550291654,12.09336255380066,-0.1535984010076172,-0.4478312406555441,,,,,,,,
4,y,253.0,0.03602904731819312,0.001610209798801976,0.03441883751939114,0.058970629991293703,0.0034775352015700687,-0.24758938533881028,-0.39135295278679116,0.18407216982128347,10.256486702104825,-0.19085895439286585,-0.41251359196785836,,,,,,,,
4,y,254.0,0.0475492480543782,0.0015705998213911665,0.04597864823298703,0.059117548053231495,0.0034948844878261347,-0.24528342677607876,-0.3941450047689384,0.1695587527462212,9.862876545228605,-0.20010454666482455,-0.4317990023213663,,,,,,,,
4,y,255.0,-0.039524926363311993,0.0015313189302166078,-0.0410562452935286,0.05908021634866322,0.003490471963804853,-0.238781476400995,-0.4004957210602803,0.15618425994690144,11.691482527088908,-0.16306385109671326,-0.43812057778932534,,,,,,,,
4,y,256.0,-0.0009513527776774961,0.0014914041345599383,-0.0024427569122374344,0.05782905529735302,0.003344199636584314,-0.23675820314497334,-0.3707408574102541,0.14346506174795245,9.367041382619464,-0.1438458689169497,-0.3891061111428864,,,,,,,,
4,y,257.0,0.06782109747765558,0.0014526263862437458,0.06636847109141183,0.05816270862141876,0.00338290067418006,-0.24900449790340345,-0.37498087057457874,0.15528472847744212,8.805430878120488,-0.15279542500082255,-0.42990726967754905,,,,,,,,
4,y,258.0,-0.07227661942428398,0.0014143290931957525,-0.07369094851747973,0.057194100626638024,0.0032711651464899963,-0.25022171558463063,-0.35639662879644224,0.1436285953918982,12.669902309713358,-0.19193374041861716,-0.5194110241807488,,,,,,,,
4,y,259.0,-0.06663394845470559,0.0013760512348202853,-0.06800999968952588,0.05745050169347363,0.003300560144831816,-0.24106569193340446,-0.3603533386761976,0.14955101666580062,13.663853890358453,-0.1887569381045103,-0.5501705171224842,3.5519687119548153e-13,0.9999999999120877,8.755698345210283e-11,0.0004523937735104628,"{'sigma': 0.09548193929676804, 'lam': -3.1415923773460017}","{'sigma': 0.027747104622978913, 'mu': -0.44495103747829456, 'w0': 1.9261871543326639, 'delta': 1.399897975318254e-10, 'psi': 0.1}",{'sigma': 0.02807479983475312},0.0003479952103926637
4,y,260.0,-0.09250679582033053,0.0013375156681118662,-0.0938443114884424,0.05786988139283936,0.0033489231724212957,-0.20674678051113926,-0.32538581610707973,0.12634703137566727,15.016441659653077,-0.19917776736819418,-0.5683255075205774,,,,,,,,
4,y,261.0,0.08993434481106248,0.0012993170934859873,0.08863502771757649,0.05821381970425946,0.003388848804560027,-0.2363778579330013,-0.33777439755610944,0.1123381965954094,14.309177653656231,-0.18575783866475537,-0.5805773264128488,,,,,,,,
4,y,262.0,0.035310824878587124,0.0012612301511282246,0.0340495947274589,0.058168668090340665,0.0033835939474042166,-0.22326870558947295,-0.3384936874754316,0.09734755702364847,14.72390661007923,-0.18405252964689447,-0.5750623702215366,,,,,,,,
4,y,263.0,-0.10390710641709719,0.001223127536414471,-0.10513023395351166,0.059103380668821204,0.003493209606483588,-0.23206676656041092,-0.3566692062951483,0.12316120138554457,19.898933008256385,-0.18536140876650078,-0.6363181129442329,,,,,,,,
4,y,264.0,0.07079763716168866,0.0011856051508805083,0.06961203201080815,0.05935262958536786,0.0035227346386978845,-0.24197235559467384,-0.3510119121794509,0.14824778394907873,14.614760849588503,-0.2205590576426022,-0.6439335946999267,,,,,,,,
4,y,265.0,-0.028770116629452044,0.0011478336368141938,-0.029917950266266237,0.05910127199167548,0.003492960351034005,-0.2432065034809872,-0.3504203466028142,0.15307194802548876,19.101641731186174,-0.1888414527298392,-0.627582551257308,,,,,,,,
4,y,266.0,-0.00506321022687606,0.0011094115661844702,-0.00617262179306053,0.05905601489853576,0.003487612895696077,-0.23971995097915408,-0.35267662666536165,0.1537029561783789,18.316629809801924,-0.19795511117499134,-0.6178362617185115,,,,,,,,
4,y,267.0,-0.10453378752288885,0.0010710882682588012,-0.10560487579114765,0.059673155772608816,0.003560885519862037,-0.22953326998363266,-0.34293018025045824,0.13318013744729307,39.1040866128647,-0.17408941406607809,-0.6504099527622618,,,,,,,,
4,y,268.0,0.037206107351307104,0.0010325589908765055,0.036173548360430595,0.05967665138005912,0.0035613027199371122,-0.2352854947641992,-0.3458060558212813,0.13487947490215085,26.804646466869606,-0.20744185831381567,-0.6408869952645267,,,,,,,,
4,y,269.0,0.1355135771304964,0.0009945946875607676,0.13451898244293561,0.061178614277181,0.003742822844876095,-0.214040018879706,-0.37419556206942667,0.12841282554552974,18.253082564808025,-0.1389602956494309,-0.6038125236150321,,,,,,,,
4,y,270.0,-0.06324216188058686,0.0009556613132701559,-0.06419782319385701,0.06148122188400119,0.003779940644349787,-0.2291609257988974,-0.37733151931516085,0.14343895981441215,21.471872305530425,-0.12645541653628223,-0.64397500792629,,,,,,,,
4,y,271.0,-0.027439899160138368,0.0009166306159044175,-0.028356529776042784,0.06140003147587182,0.003769963865238051,-0.22611882158059476,-0.3769128065561687,0.1410707168538886,28.965946414638157,-0.09656196808323916,-0.6381054539814325,,,,,,,,
4,y,272.0,0.08233749972690585,0.0008775581396626426,0.0814599415872432,0.06191799406638443,0.003833837989204817,-0.229244680616599,-0.3853743739323251,0.17712813845453895,23.131370281956478,-0.1001567943892377,-0.681779754312305,,,,,,,,
4,y,273.0,-0.05646299216652959,0.0008377208587006811,-0.05730071302523027,0.062163047539093956,0.0038642444793476555,-0.23870388691440841,-0.3919311823445681,0.18916560724268536,28.33357015743307,-0.08545574127822385,-0.7149571456202234,,,,,,,,
4,y,274.0,0.010770351816084137,0.0007974413456946694,0.009972910470389468,0.06217090137114732,0.003865220977300928,-0.24603240869505347,-0.3879127102344767,0.19060764181374096,27.03679520046667,-0.09311237471327842,-0.7152073212347217,,,,,,,,
4,y,275.0,0.08454315809749104,0.0007562957600728952,0.08378686233741814,0.06143112795902745,0.003773783482318404,-0.22405189885794996,-0.3810173388372324,0.2292338019545709,14.120726401282875,-0.08622501777010438,-0.7426707629161885,,,,,,,,
4,y,276.0,0.001972406989336589,0.0007156559602402139,0.0012567510290963752,0.06102487148390657,0.0037240349396273132,-0.23927012841481354,-0.39521672648367084,0.25111216535481845,16.949375080013834,-0.06839331690874503,-0.7019467459574059,,,,,,,,
4,y,277.0,-0.09873109588387863,0.0006740823312373712,-0.099405178215116,0.06137073013236775,0.003766366516979911,-0.2497659764921263,-0.39742371912114716,0.24515735981893122,33.94326932737579,-0.043045066075438725,-0.7129954824035569,,,,,,,,
4,y,278.0,-0.011110626146061838,0.0006317667276131223,-0.01174239287367496,0.06114817272484227,0.0037390990275871444,-0.2341867156680551,-0.4000319709524949,0.23536076105912768,54.38888359565061,-0.018526427829851737,-0.685513297611603,,,,,,,,
4,y,279.0,0.11554093520531931,0.0005893698901312159,0.1149515653151881,0.06152951937038985,0.0037858817539511798,-0.234165636027132,-0.4132526947794667,0.23858774150816153,19.434234382754337,-0.016759568716001746,-0.6653099630775302,3.6544162071092214e-15,0.9999999999991913,8.050559025410926e-13,0.0010210492918436224,"{'sigma': 0.10128018105019358, 'lam': -3.1415921225285373}","{'sigma': 0.02916467499768194, 'mu': -0.43166958150347634, 'w0': 1.8686919102828758, 'delta': 3.2811207084648686e-09, 'psi': 0.1}",{'sigma': 0.029842642077255743},0.00037129065157949926
4,y,280.0,0.050421602154959375,0.0005460283738814857,0.04987557378107789,0.06172640477023411,0.003810149045858781,-0.21533643614247347,-0.4137382729161227,0.22079405197111623,17.41409595877382,-0.032621475684406806,-0.6910127523158853,,,,,,,,
4,y,281.0,-0.06807341625761504,0.0005019526354459805,-0.06857536889306101,0.061961959159388263,0.003839284382869699,-0.2245524262350786,-0.42832793162088284,0.22498719716006982,26.064286182880924,0.0051888377669362514,-0.7145917580788045,,,,,,,,
4,y,282.0,0.03845103521324443,0.00045696923081768007,0.03799406598242675,0.06206344887394247,0.0038518716861284706,-0.23062288220561444,-0.42049584644851273,0.23144418983846907,24.25259485765203,-0.004078622258519017,-0.7285956491574932,,,,,,,,
4,y,283.0,-0.011245437938518012,0.0004117407967999877,-0.011657178735318,0.06204099520294085,0.0038490850857713296,-0.2303016961298646,-0.4180504710689912,0.22968504877864643,28.289281618974364,0.010989499121864345,-0.7252040819123535,,,,,,,,
4,y,284.0,-0.08352448909302852,0.00036618530240593356,-0.08389067439543446,0.06255546633266579,0.0039131863680972835,-0.2243299080643559,-0.4226090139905375,0.23838334122416888,40.47279685405914,0.01602820371816048,-0.7684636785440369,,,,,,,,
4,y,285.0,-0.016928400931028237,0.00031866529918111487,-0.01724706623020935,0.06250224501350969,0.003906530631728797,-0.21862542600359414,-0.4197256563975671,0.23675520417358414,60.52937204345277,0.03732982768449662,-0.7602551133790102,,,,,,,,
4,y,286.0,0.03460395466857488,0.000271791857278975,0.034332162811295905,0.06260156892717418,0.00391895643214374,-0.22216349820587297,-0.42295786056554324,0.24169559596109366,44.57931657774431,0.018388265007834206,-0.7746742552272524,,,,,,,,
4,y,287.0,-0.09783677286929707,0.00022365501196575837,-0.09806042788126283,0.06298073586752954,0.0039665730904155224,-0.2300010439736628,-0.40285893518293625,0.25784594786642756,59.05468969248683,0.007566285256456823,-0.7847101259063196,,,,,,,,
4,y,288.0,0.14278123991325978,0.0001748392360352354,0.14260640067722455,0.06460543142456755,0.004173861769554501,-0.2591491673659118,-0.3788230114288792,0.24618246237285069,25.954761512485277,0.05138451240439668,-0.7512465090559326,,,,,,,,
4,y,289.0,-0.014157767804668792,0.00012559898116800593,-0.014283366785836797,0.0636066318599465,0.004045803616566762,-0.2591266574429337,-0.35571528196832086,0.24774574291305376,54.535043309547156,0.057437850976512356,-0.7044919811567286,,,,,,,,
4,y,290.0,-0.15558024441353552,7.537812373586907e-05,-0.1556556225372714,0.06545138454128238,0.004283883738370819,-0.2504382880254108,-0.39083223700003505,0.27497084997707494,-185.45479346687364,-0.013962187643427965,-0.6346403077443092,,,,,,,,
4,y,291.0,0.12701056170949854,2.4823796367963913e-05,0.1269857379131306,0.06619055841063881,0.004381190022712188,-0.2862951747635518,-0.4031070405273309,0.3220622012404895,38.63244017162352,-0.014281643684358985,-0.6144541320463499,,,,,,,,
4,y,292.0,0.13061415475094534,-2.6170319178742195e-05,0.13064032507012407,0.06747869010595801,0.004553373618415915,-0.23795110704041966,-0.4324206383967325,0.3113397955174943,22.957567868620607,0.004375735844375659,-0.6474767817018566,,,,,,,,
4,y,293.0,-0.20447420542106876,-7.816777236408813e-05,-0.20439603764870468,0.07032387757250516,0.004945447756832695,-0.2753687083149653,-0.461991407197131,0.3609247292740183,50.720549054369165,-0.18148542762817832,-0.26668613331109287,,,,,,,,
4,y,294.0,0.09834828863300285,-0.00013046328364692945,0.09847875191664977,0.07081050870060705,0.005014128142438746,-0.30509034117522793,-0.42306409727850747,0.3756668301444967,39.85204360608917,-0.17330586854675506,-0.30178419319181476,,,,,,,,
4,y,295.0,0.044383440627568736,-0.00018306161668324282,0.04456650224425198,0.07092952603375628,0.00503099766337331,-0.2927298243206973,-0.4243774447117343,0.37950640743041497,35.64139578469006,-0.18140471997012292,-0.31606525127423546,,,,,,,,
4,y,296.0,-0.07774654577887362,-0.00023671310664240394,-0.07750983267223122,0.07134876332700169,0.005090646028292501,-0.2979782037101916,-0.4338526889993357,0.39313127966965344,63.61096203803578,-0.15631047412600155,-0.37419492667682025,,,,,,,,
4,y,297.0,-0.05107555210875364,-0.00029014844092361105,-0.05078540366783003,0.07143508809835836,0.00510297181162022,-0.29125070695339805,-0.43508492029446577,0.38162078307289676,315.18770087784173,-0.1242380634313002,-0.39235993742722464,,,,,,,,
4,y,298.0,0.1755311458733339,-0.0003439446368154388,0.17587509051014935,0.07352765388565027,0.005406315885927981,-0.2969892266710482,-0.44446294937311925,0.383573752002759,46.29953069796455,-0.028621097461974644,-0.32195815031577274,,,,,,,,
4,y,299.0,-0.0493935288010405,-0.0003978566550038062,-0.048995672146036694,0.07360975257329926,0.005418395673902336,-0.3065466479157316,-0.43652008653588015,0.3863523385873232,52.8468544219005,-0.024451224867313246,-0.3329778545083124,3.463249276511216e-20,1.0,8.503419376520332e-18,0.0010114835173255263,"{'sigma': 0.10932169481079701, 'lam': -3.1415921157549276}","{'sigma': 0.03241686770346308, 'mu': -0.44191246477343615, 'w0': 1.9130332132469512, 'delta': 9.091138952754818e-11, 'psi': 0.1}",{'sigma': 0.03225352732791867},0.0004045934069302105
4,y,300.0,-0.0925088880533923,-0.000452100224294261,-0.09205678782909804,0.074098382169411,0.0054905702401240875,-0.2935731942166357,-0.4533632334583518,0.38869362457511947,95.73118165435628,-0.018867654436017574,-0.3815475069802929,,,,,,,,
4,y,301.0,0.09887781525433231,-0.0005060457542470488,0.09938386100857936,0.07468964511149917,0.005578543086881691,-0.30380336107137257,-0.4554245540146027,0.4041773387322011,54.833738642260116,-0.020724240656044467,-0.43162436914224844,,,,,,,,
4,y,302.0,0.09329297259602404,-0.0005605461131096331,0.09385351870913367,0.0752013047233222,0.005655236232089963,-0.29139155842356124,-0.4622253412529671,0.4001809351158294,29.017635091189977,-0.05115640943504605,-0.47545255481517934,,,,,,,,
4,y,303.0,-0.07270380270633044,-0.0006146314390997657,-0.07208917126723068,0.07482160923470423,0.005598273208470776,-0.292925228931375,-0.4603340343077484,0.39657214439472027,26.173847235823285,-0.04626548112732682,-0.4525702642605633,,,,,,,,
4,y,304.0,0.029956576212147822,-0.0006683591280453232,0.030624935340193147,0.07465664317009144,0.005573614369426361,-0.3072463820402109,-0.44627543545001447,0.39749232656258904,29.521560607472725,-0.03915852230018065,-0.43336035917275095,,,,,,,,
4,y,305.0,0.04397795356630024,-0.0007218992857558373,0.044699852852056084,0.07428545966931334,0.005518329518281179,-0.29351753898886235,-0.4552860178257205,0.3942970542398116,36.0852597397244,-0.03622504581211493,-0.39873130577056926,,,,,,,,
4,y,306.0,-0.05537869188370391,-0.0007750374054005498,-0.05460365447830336,0.07388501372646175,0.0054589952533594405,-0.2959968918705576,-0.4500095667137032,0.3959217442916098,30.767664208212373,-0.03591276083204737,-0.3643852095261485,,,,,,,,
4,y,307.0,-0.01275804404895398,-0.0008274792317640303,-0.011930564817189949,0.07387211353604821,0.005457089158282797,-0.2978532183575315,-0.4495828660015909,0.3961066690345911,36.22664035335962,-0.023180760133984155,-0.363034583428894,,,,,,,,
4,y,308.0,-0.08824093313262327,-0.0008794849007029914,-0.08736144823192027,0.07402671817751316,0.005479955004132957,-0.29067179074096017,-0.4352605830907392,0.3816605470704377,190.1237822246112,0.016360620439603887,-0.3756292451237079,,,,,,,,
4,y,309.0,0.05888756968264676,-0.0009304138369041757,0.059817983519550935,0.07418551320915014,0.00550349037010499,-0.2994926602214675,-0.43325006561722107,0.3705778398510406,56.74946053045429,-0.016789275649186704,-0.39470966412412195,,,,,,,,
4,y,310.0,0.045825504385102044,-0.0009802679953956354,0.04680577238049768,0.07428889330657498,0.005518839668715681,-0.29135285821566437,-0.4419025351100726,0.36735538985795907,37.557481992538904,-0.04338295839413476,-0.4069810681845099,,,,,,,,
4,y,311.0,-0.00850341225318026,-0.001030100413697016,-0.007473311839483244,0.0741361518931994,0.005496169017531534,-0.28734208151916973,-0.43771015203030167,0.37241080993171694,54.075361952703545,-0.023359655852703793,-0.38771383492064787,,,,,,,,
4,y,312.0,0.017716460400175233,-0.0010785887050064073,0.01879504910518164,0.0738584544388123,0.005455071292090112,-0.3003353163211965,-0.4441548786906748,0.3885243589949747,34.049611125421464,-0.051214123536461806,-0.3519615840455801,,,,,,,,
4,y,313.0,-0.10678097992185137,-0.001125321779536704,-0.10565565814231467,0.07419596121464372,0.005505040660564915,-0.31036290638056657,-0.4300896612166898,0.3666018908838208,39.98952463868326,-0.05717740633303778,-0.37127237918254796,,,,,,,,
4,y,314.0,0.017476253364897318,-0.001170437865246036,0.018646691230143352,0.0740556465287551,0.005484238782791917,-0.3052932425275387,-0.44086198642138036,0.37223080565783173,29.97063030639485,-0.0819162611978177,-0.3499549828251924,,,,,,,,
4,y,315.0,0.006787632823872985,-0.0012148913576246645,0.008002524181497649,0.07349247091173286,0.0054011432807119,-0.2950470772154965,-0.44994506107062604,0.3895862358848003,46.3853696105115,-0.06815364068850005,-0.293711144131901,,,,,,,,
4,y,316.0,0.027073983670980982,-0.001257479747961668,0.02833146341894265,0.07306455803048782,0.005338429640190522,-0.28957410409661805,-0.4652542589399021,0.38869230404392385,27.6373058657314,-0.10014726088252558,-0.2402025759127444,,,,,,,,
4,y,317.0,0.06955282458454884,-0.001298760486037145,0.07085158507058599,0.07324463954484998,0.005364777222055002,-0.2800454532685765,-0.4671272145203524,0.38448573036731776,25.9588429772968,-0.102786300705437,-0.2600945355086143,,,,,,,,
4,y,318.0,-0.12430299822988564,-0.0013376467673599898,-0.12296535146252564,0.07394656591077663,0.005468094609996831,-0.28755892429355295,-0.4588858422811885,0.3786274985580608,32.78388362306516,-0.11805285750377602,-0.29303917104367905,,,,,,,,
4,y,319.0,0.1289833042958177,-0.0013749830228578167,0.13035828731867552,0.07497486100820999,0.0056212297832004075,-0.3198243357504986,-0.43326324961022616,0.3864602332172376,24.00568738706006,-0.09932148185033184,-0.3458460908770544,5.751479681877409e-33,1.0,1.7191988581359737e-31,0.0027293559599026896,"{'sigma': 0.12379716301333314, 'lam': -3.141592603332715}","{'sigma': 0.027336990467668132, 'mu': -0.2605705129636695, 'w0': 1.8821403400402308, 'delta': 0.7541340369725597, 'psi': 0.1}",{'sigma': 0.036614026555080226},0.0009097853199675637
4,y,320.0,-0.024857792227021745,-0.001410663416023342,-0.023447128810998405,0.0742073832797568,0.00550673573322873,-0.3231788194966724,-0.41302014919492636,0.38781945581582217,42.81503995259894,-0.07982027030480199,-0.2877558695271969,,,,,,,,
4,y,321.0,-0.054084211901396145,-0.0014441099898755583,-0.05264010191152059,0.07439899714365407,0.005535210775981445,-0.3219013480717426,-0.41851097397738,0.3947755940187639,62.22911135910466,-0.0628215336690947,-0.315680990254317,,,,,,,,
4,y,322.0,0.07755368905842114,-0.0014747736240177337,0.07902846268243888,0.07445381438789726,0.005543370476907458,-0.3298406186089704,-0.4160263604096552,0.40093890592498344,28.054048196155314,-0.10315541894880279,-0.3136772191465413,,,,,,,,
4,y,323.0,-0.011952510190678783,-0.0015036815839220314,-0.010448828606756751,0.0744565048632058,0.0055437711164445895,-0.32952108680208125,-0.41571255272317165,0.40257295840832624,28.73828794149216,-0.10244903087904696,-0.3141749007850285,,,,,,,,
4,y,324.0,-0.10857458610603236,-0.0015307000216199362,-0.10704388608441243,0.07509018538722281,0.00563853594148749,-0.3206177867529274,-0.42917358070814576,0.4070070288105743,76.32820976881564,-0.07021429701655077,-0.36984662428075166,,,,,,,,
4,y,325.0,-0.0075147578922674756,-0.0015544402705847454,-0.00596031762168273,0.07491518440600585,0.005612284854585862,-0.3134346330634702,-0.4281254990636838,0.4021586758643317,53.98237136752302,-0.0857814893067681,-0.3447331748514139,,,,,,,,
4,y,326.0,0.11330635273230473,-0.0015756107332906548,0.11488196346559539,0.07567862507666286,0.005727254293494103,-0.31325036830812164,-0.4394092191899022,0.3931535040312072,36.28619027782527,-0.07939824771552528,-0.3966348918436053,,,,,,,,
4,y,327.0,-0.08777561500854997,-0.0015949814211223706,-0.0861806335874276,0.07615315374989545,0.005799302826055216,-0.3242008549750558,-0.43801290188794256,0.4064134386524663,79.65601972685363,-0.05023300632875837,-0.44870644714480423,,,,,,,,
4,y,328.0,-0.06954640868738599,-0.001610899770568872,-0.06793550891681711,0.07639140318210286,0.005835646480130594,-0.308770096736416,-0.44944552034192575,0.40410829359039624,137.8610219134237,-0.042002408473276645,-0.47598225534812827,,,,,,,,
4,y,329.0,0.07750542898130214,-0.0016246153339970577,0.0791300443152992,0.07668260776091021,0.005880222333013606,-0.31247031610756804,-0.4543175756178967,0.4111139795689812,87.7559503087932,-0.04650711805627791,-0.5036311061452684,,,,,,,,
4,y,330.0,-0.13545256155740948,-0.0016360746807023536,-0.13381648687670714,0.0776694181253385,0.006032538511928659,-0.3289723727333587,-0.4277758240768138,0.4274368603135654,3193.3679296188634,-0.06278356560844527,-0.5428594311491479,,,,,,,,
4,y,331.0,-0.04859504037322694,-0.0016445257090748875,-0.04695051466415205,0.07770755995144744,0.006038464873607798,-0.3108936201269797,-0.42931819303935326,0.43034350734143034,-899.4568216426701,-0.06084724364886144,-0.5474420354127147,,,,,,,,
4,y,332.0,0.13863609560457224,-0.0016500679129400082,0.14028616351751225,0.07885720613774773,0.006218458959851238,-0.319795721428859,-0.44719839952516627,0.4409495962902812,93.51051345883202,-0.039079457470967686,-0.583704507272928,,,,,,,,
4,y,333.0,-0.0380526037774046,-0.001653081767978194,-0.03639952200942641,0.0788473559837247,0.006216905545624209,-0.3223771248914377,-0.44314638728605577,0.4396163911278256,1559.5652190814963,-0.012163469804181141,-0.5835875346445594,,,,,,,,
4,y,334.0,-0.12840009588233192,,,,,,,,,,,,,,,,,,
4,y,335.0,0.19940500923517063,,,,,,,,,,,,,,,,,,
4,y,336.0,-0.039039403355993624,,,,,,,,,,,,,,,,,,
4,y,337.0,-0.12928907508808268,,,,,,,,,,,,,,,,,,
4,y,338.0,0.184880137541445,,,,,,,,,,,,,,,,,,
4,y,339.0,-0.03651548397598579,,,,,,,,,,,,,,,,,,
4,y,340.0,-0.12373884000279943,,,,,,,,,,,,,,,,,,
4,y,341.0,0.18090216254218983,,,,,,,,,,,,,,,,,,
4,y,342.0,-0.014786825339147497,,,,,,,,,,,,,,,,,,
4,y,343.0,-0.12703946269327493,,,,,,,,,,,,,,,,,,
4,y,344.0,0.15826004350497935,,,,,,,,,,,,,,,,,,
4,y,345.0,0.04781998873543854,,,,,,,,,,,,,,,,,,
4,y,346.0,-0.22021938200336785,,,,,,,,,,,,,,,,,,
4,y,347.0,0.12792577605774244,,,,,,,,,,,,,,,,,,
4,y,348.0,0.04456282061054312,,,,,,,,,,,,,,,,,,
4,y,349.0,-0.20702827699172527,,,,,,,,,,,,,,,,,,
4,y,350.0,0.21417375304865446,,,,,,,,,,,,,,,,,,
4,y,351.0,-0.0011549975241046712,,,,,,,,,,,,,,,,,,
4,y,352.0,-0.21522409229112618,,,,,,,,,,,,,,,,,,
4,y,353.0,0.20458458014280295,,,,,,,,,,,,,,,,,,
4,y,354.0,-0.008512938280266669,,,,,,,,,,,,,,,,,,
4,y,355.0,-0.08242476404181999,,,,,,,,,,,,,,,,,,
4,y,356.0,0.12632966494747272,,,,,,,,,,,,,,,,,,
4,y,357.0,-0.06872067793453115,,,,,,,,,,,,,,,,,,
4,y,358.0,-0.042029840735909596,,,,,,,,,,,,,,,,,,
4,y,359.0,0.13375486113433174,,,,,,,,,,,,,,,,,,
4,y,360.0,-0.07918236439705706,,,,,,,,,,,,,,,,,,
4,y,361.0,-0.008052148680272223,,,,,,,,,,,,,,,,,,
4,y,362.0,0.09573775397570769,,,,,,,,,,,,,,,,,,
4,y,363.0,-0.23237929348446337,,,,,,,,,,,,,,,,,,
4,y,364.0,0.1107905681175784,,,,,,,,,,,,,,,,,,
4,y,365.0,0.20415818839542488,,,,,,,,,,,,,,,,,,
4,y,366.0,-0.17948404149743455,,,,,,,,,,,,,,,,,,
4,y,367.0,-0.05843889418618174,,,,,,,,,,,,,,,,,,
4,y,368.0,0.3463117965301424,,,,,,,,,,,,,,,,,,
4,y,369.0,-0.22651129880894583,,,,,,,,,,,,,,,,,,
4,y,370.0,-0.08183418575307116,,,,,,,,,,,,,,,,,,
4,y,371.0,0.41596633213836687,,,,,,,,,,,,,,,,,,
4,y,372.0,-0.25054810440077674,,,,,,,,,,,,,,,,,,
4,y,373.0,-0.2018363383672833,,,,,,,,,,,,,,,,,,
4,y,374.0,0.3795615976896024,,,,,,,,,,,,,,,,,,
4,y,375.0,-0.20638493969274777,,,,,,,,,,,,,,,,,,
4,y,376.0,-0.2206916564345239,,,,,,,,,,,,,,,,,,
4,y,377.0,0.3219463101700315,,,,,,,,,,,,,,,,,,
4,y,378.0,-0.058407374505734876,,,,,,,,,,,,,,,,,,
4,y,379.0,-0.30921380680233956,,,,,,,,,,,,,,,,,,
4,y,380.0,0.40713916344168255,,,,,,,,,,,,,,,,,,
4,y,381.0,0.03351875881440506,,,,,,,,,,,,,,,,,,
4,y,382.0,-0.44195572926008264,,,,,,,,,,,,,,,,,,
4,y,383.0,0.29231694141747255,,,,,,,,,,,,,,,,,,
4,y,384.0,0.24303251083935976,,,,,,,,,,,,,,,,,,
4,y,385.0,-0.48726387613449357,,,,,,,,,,,,,,,,,,
4,y,386.0,0.24294503632039255,,,,,,,,,,,,,,,,,,
4,y,387.0,0.2175364771309187,,,,,,,,,,,,,,,,,,
4,y,388.0,-0.4428313930577765,,,,,,,,,,,,,,,,,,
4,y,389.0,0.1912179308613525,,,,,,,,,,,,,,,,,,
4,y,390.0,0.1852299797581553,,,,,,,,,,,,,,,,,,
4,y,391.0,-0.4036533255372291,,,,,,,,,,,,,,,,,,
4,y,392.0,0.10642409043042574,,,,,,,,,,,,,,,,,,
4,y,393.0,0.2984968000807057,,,,,,,,,,,,,,,,,,
4,y,394.0,-0.3290176792935882,,,,,,,,,,,,,,,,,,
4,y,395.0,-0.07772415389321256,,,,,,,,,,,,,,,,,,
4,y,396.0,0.3629303332788966,,,,,,,,,,,,,,,,,,
4,y,397.0,-0.26961372283398555,,,,,,,,,,,,,,,,,,
4,y,398.0,-0.1812999685513134,,,,,,,,,,,,,,,,,,
4,y,399.0,0.34091602403282234,,,,,,,,,,,,,,,,,,
5,x,0.0,-0.0344554556428482,-0.0024267053306797756,-0.032028750312168425,,,,,,,,,,,,,,,,
5,x,1.0,-0.027696559258616457,-0.0024267057517463413,-0.025269853506870117,,,,,,,,,,,,,,,,
5,x,2.0,-0.006189345050861077,-0.0024269188773360473,-0.00376242617352503,,,,,,,,,,,,,,,,
5,x,3.0,0.04667605813115246,-0.0024272397631365707,0.049103297894289036,,,,,,,,,,,,,,,,
5,x,4.0,-0.01065172594564721,-0.002428112319094801,-0.00822361362655241,,,,,,,,,,,,,,,,
5,x,5.0,0.036717274151456314,-0.0024281835056513047,0.03914545765710762,,,,,,,,,,,,,,,,
5,x,6.0,0.06654982265779838,-0.0024288382327858496,0.06897866089058423,,,,,,,,,,,,,,,,
5,x,7.0,-0.023619758624499297,-0.002429465887353158,-0.02119029273714614,,,,,,,,,,,,,,,,
5,x,8.0,-0.04809454812090858,-0.0024304990037338167,-0.04566404911717477,,,,,,,,,,,,,,,,
5,x,9.0,-0.017257867696307556,-0.0024311096590701963,-0.01482675803723736,,,,,,,,,,,,,,,,
5,x,10.0,0.08336193446803057,-0.0024316982507742455,0.08579363271880482,,,,,,,,,,,,,,,,
5,x,11.0,-0.007011058317077364,-0.0024324358212275774,-0.004578622495849787,,,,,,,,,,,,,,,,
5,x,12.0,-0.013940254666275633,-0.002432651070079758,-0.011507603596195876,,,,,,,,,,,,,,,,
5,x,13.0,-0.007672950872628436,-0.0024326320976149375,-0.005240318775013499,,,,,,,,,,,,,,,,
5,x,14.0,-0.012634781865627377,-0.0024326478915162675,-0.01020213397411111,,,,,,,,,,,,,,,,
5,x,15.0,-0.007783968559367236,-0.002432158914339927,-0.005351809645027309,,,,,,,,,,,,,,,,
5,x,16.0,0.011681197920481865,-0.002431667720163239,0.014112865640645105,,,,,,,,,,,,,,,,
5,x,17.0,0.005332630360059988,-0.0024305849633721203,0.007763215323432109,,,,,,,,,,,,,,,,
5,x,18.0,0.014580332170718191,-0.002429102367040097,0.017009434537758286,,,,,,,,,,,,,,,,
5,x,19.0,-0.04172213360826724,-0.0024268544804581654,-0.03929527912780907,,,,,,,,,,,,,,,,
5,x,20.0,0.005666335033781072,-0.002424673663285273,0.008091008697066346,,,,,,,,,,,,,,,,
5,x,21.0,-0.020021916580092947,-0.002421726601007009,-0.01760018997908594,,,,,,,,,,,,,,,,
5,x,22.0,-0.0012971985196482804,-0.0024179206396966186,0.0011207221200483382,,,,,,,,,,,,,,,,
5,x,23.0,0.022533967608886103,-0.002413152924345754,0.024947120533231858,,,,,,,,,,,,,,,,
5,x,24.0,-0.03663265771646768,-0.002408058871908575,-0.034224598844559105,,,,,,,,,,,,,,,,
5,x,25.0,-0.03389984912474306,-0.0024015943130176907,-0.03149825481172537,,,,,,,,,,,,,,,,
5,x,26.0,-0.06370170347354238,-0.0023941357897566532,-0.06130756768378573,,,,,,,,,,,,,,,,
5,x,27.0,0.060582612915481567,-0.0023866081742062693,0.06296922108968783,,,,,,,,,,,,,,,,
5,x,28.0,0.0058692849223481785,-0.002377671583455333,0.008246956505803512,,,,,,,,,,,,,,,,
5,x,29.0,-0.02004707688724535,-0.0023674219065800183,-0.017679654980665333,,,,,,,,,,,,,,,,
5,x,30.0,0.04385369423074859,-0.0023563552468660954,0.04621004947761469,,,,,,,,,,,,,,,,
5,x,31.0,-0.08296699646074245,-0.0023441940575003577,-0.08062280240324209,,,,,,,,,,,,,,,,
5,x,32.0,0.051822656242764296,-0.002330906482501744,0.054153562725266044,,,,,,,,,,,,,,,,
5,x,33.0,0.016162626900158288,-0.002316582523698997,0.018479209423857286,,,,,,,,,,,,,,,,
5,x,34.0,-0.022580729401393725,-0.0023007051211899527,-0.02028002428020377,,,,,,,,,,,,,,,,
5,x,35.0,-0.009765890282783147,-0.002283796804032086,-0.007482093478751061,,,,,,,,,,,,,,,,
5,x,36.0,-0.07414661163422083,-0.0022652218192264193,-0.07188138981499441,,,,,,,,,,,,,,,,
5,x,37.0,-0.012827680894534541,-0.0022453850001308505,-0.01058229589440369,,,,,,,,,,,,,,,,
5,x,38.0,-0.02269132772069459,-0.0022244699963666296,-0.020466857724327964,,,,,,,,,,,,,,,,
5,x,39.0,0.017821505922384837,-0.0022020847788825713,0.020023590701267406,,,,,,,,,,,,,,,,
5,x,40.0,-0.0192548089477664,-0.002178438496864301,-0.017076370450902097,,,,,,,,,,,,,,,,
5,x,41.0,0.02271842967994899,-0.002153480531764967,0.02487191021171396,,,,,,,,,,,,,,,,
5,x,42.0,0.025018235808027034,-0.0021270135373563565,0.027145249345383392,,,,,,,,,,,,,,,,
5,x,43.0,0.005236390153256117,-0.0020991835420646953,0.007335573695320812,,,,,,,,,,,,,,,,
5,x,44.0,-0.027913169354221664,-0.0020699381637854,-0.025843231190436265,,,,,,,,,,,,,,,,
5,x,45.0,-0.001712636724311013,-0.002039024084759482,0.00032638736044846885,,,,,,,,,,,,,,,,
5,x,46.0,0.04226617339350908,-0.00200699952981531,0.04427317292332439,,,,,,,,,,,,,,,,
5,x,47.0,-0.10254664743442769,-0.0019740331418792705,-0.10057261429254842,,,,,,,,,,,,,,,,
5,x,48.0,0.04350293660156627,-0.0019391373299324657,0.04544207393149873,,,,,,,,,,,,,,,,
5,x,49.0,0.0229854085665364,-0.0019033945015091234,0.02488880306804552,,,,,,,,,,,,,,,,
5,x,50.0,0.02299949861513294,-0.0018661638726812663,0.02486566248781421,,,,,,,,,,,,,,,,
5,x,51.0,-0.045573370558765695,-0.001827832797491452,-0.043745537761274246,,,,,,,,,,,,,,,,
5,x,52.0,-0.03364950909327153,-0.0017887440227213791,-0.03186076507055015,,,,,,,,,,,,,,,,
5,x,53.0,0.010610673570575872,-0.0017481350796781912,0.012358808650254063,,,,,,,,,,,,,,,,
5,x,54.0,0.030119592760537953,-0.001706413340240077,0.03182600610077803,,,,,,,,,,,,,,,,
5,x,55.0,0.014208109026368005,-0.0016636181300898826,0.015871727156457887,,,,,,,,,,,,,,,,
5,x,56.0,0.07376771032317309,-0.0016200120360375402,0.07538772235921062,,,,,,,,,,,,,,,,
5,x,57.0,0.02074457504775755,-0.0015753291810692949,0.022319904228826844,,,,,,,,,,,,,,,,
5,x,58.0,-2.5192695110541445e-05,-0.0015294461169658943,0.0015042534218553528,,,,,,,,,,,,,,,,
5,x,59.0,-0.05326289708387272,-0.001483258346674965,-0.05177963873719775,,,,,,,,,,,,,,,,
5,x,60.0,-0.08133839419899962,-0.001435986025901591,-0.07990240817309803,,,,,,,,,,,,,,,,
5,x,61.0,0.02467168793709593,-0.0013881518872530603,0.02605983982434899,,,,,,,,,,,,,,,,
5,x,62.0,0.026779598407180173,-0.0013399143050700833,0.028119512712250258,,,,,,,,,,,,,,,,
5,x,63.0,0.007799622467351748,-0.001290573109967818,0.009090195577319566,,,,,,,,,,,,,,,,
5,x,64.0,0.03057408971856589,-0.00124153650625427,0.03181562622482016,,,,,,,,,,,,,,,,
5,x,65.0,0.005643503387844514,-0.0011917159494534725,0.006835219337297986,,,,,,,,,,,,,,,,
5,x,66.0,-0.039180791066370096,-0.0011409124466862288,-0.038039878619683866,,,,,,,,,,,,,,,,
5,x,67.0,-0.052626268370274586,-0.001090566100137482,-0.0515357022701371,,,,,,,,,,,,,,,,
5,x,68.0,-0.06703701717298212,-0.0010396532804790668,-0.06599736389250305,,,,,,,,,,,,,,,,
5,x,69.0,-0.002545052123708616,-0.0009887780923683077,-0.0015562740313403085,,,,,,,,,,,,,,,,
5,x,70.0,0.06916267535516941,-0.0009383104915826777,0.07010098584675209,,,,,,,,,,,,,,,,
5,x,71.0,0.005005919491723744,-0.0008876881613599839,0.005893607653083728,,,,,,,,,,,,,,,,
5,x,72.0,0.0328126421228111,-0.0008369510063071775,0.03364959312911828,,,,,,,,,,,,,,,,
5,x,73.0,-0.002484596131033285,-0.0007870160055639387,-0.001697580125469346,,,,,,,,,,,,,,,,
5,x,74.0,-0.03721292453087237,-0.0007368994989728618,-0.036476025031899506,,,,,,,,,,,,,,,,
5,x,75.0,0.01031284092503912,-0.0006868291468382145,0.010999670071877335,,,,,,,,,,,,,,,,
5,x,76.0,-0.05123342241754654,-0.0006377486457403772,-0.05059567377180616,,,,,,,,,,,,,,,,
5,x,77.0,0.02250457921357617,-0.0005892999664802094,0.02309387918005638,,,,,,,,,,,,,,,,
5,x,78.0,0.014632835621213003,-0.0005415075550456365,0.01517434317625864,,,,,,,,,,,,,,,,
5,x,79.0,0.009517356697953661,-0.0004940793328069869,0.010011436030760648,,,,,,,,,,,,,,,,
5,x,80.0,-0.011048857285303065,-0.0004476670441706319,-0.010601190241132433,,,,,,,,,,,,,,,,
5,x,81.0,0.01742257675161246,-0.0004020316269760497,0.017824608378588506,,,,,,,,,,,,,,,,
5,x,82.0,0.06339651869217185,-0.0003573318550261838,0.06375385054719802,,,,,,,,,,,,,,,,
5,x,83.0,-0.012253266822432959,-0.0003131979605658537,-0.011940068861867105,,,,,,,,,,,,,,,,
5,x,84.0,-0.017718196530017213,-0.00027092815604069076,-0.017447268373976522,,,,,,,,,,,,,,,,
5,x,85.0,-0.018874217554475166,-0.00022975264041152178,-0.018644464914063644,,,,,,,,,,,,,,,,
5,x,86.0,-0.03661078574719643,-0.0001894549940002161,-0.036421330753196215,,,,,,,,,,,,,,,,
5,x,87.0,0.007235950950360287,-0.00015013417234177042,0.007386085122702057,,,,,,,,,,,,,,,,
5,x,88.0,-0.016876576364982663,-0.000112720216671027,-0.016763856148311634,,,,,,,,,,,,,,,,
5,x,89.0,-0.05559666857264939,-7.671833153278109e-05,-0.055519950241116604,,,,,,,,,,,,,,,,
5,x,90.0,0.020358775983568875,-4.211121773671641e-05,0.02040088720130559,,,,,,,,,,,,,,,,
5,x,91.0,-0.01612872693693629,-8.734664815439287e-06,-0.01611999227212085,,,,,,,,,,,,,,,,
5,x,92.0,0.03993067751131814,2.313184697381143e-05,0.039907545664344325,,,,,,,,,,,,,,,,
5,x,93.0,0.006379232709420279,5.289989096008015e-05,0.0063263328184601985,,,,,,,,,,,,,,,,
5,x,94.0,0.04498943084950217,8.11272531812734e-05,0.04490830359632089,,,,,,,,,,,,,,,,
5,x,95.0,-0.026819585107420465,0.00010801234618794506,-0.02692759745360841,,,,,,,,,,,,,,,,
5,x,96.0,0.021305958890384395,0.00013262517647300866,0.021173333713911387,,,,,,,,,,,,,,,,
5,x,97.0,-0.03353587790524868,0.00015576148809599502,-0.03369163939334468,,,,,,,,,,,,,,,,
5,x,98.0,0.018260105520267418,0.00017729449868183588,0.01808281102158558,,,,,,,,,,,,,,,,
5,x,99.0,0.05918905160720139,0.0001965053322160102,0.05899254627498538,0.03659195589038057,0.0013389712358835573,-0.04372064049842783,-0.07249448840176569,-0.17705208781328882,-25.934414328983383,-0.15332200593364315,0.03209240868465285,0.06619585689918343,0.0026471139114900627,0.9311570291893265,0.000152782755265235,"{'sigma': 0.05884980242773324, 'lam': -3.1415923998804676}","{'sigma': 0.09072483916503105, 'mu': -0.9999972032876316, 'w0': 6.328974659941736, 'delta': 1.9999999976561162, 'psi': 0.1}",{'sigma': 0.016851418812996167},0.00012222620421218798
5,x,100.0,0.012655722854082101,0.00021392167208061902,0.012441801182001482,0.03646723863285052,0.0013298594935052656,-0.044415373337782525,-0.07209989822858924,-0.1695793664025473,-38.80194087501055,-0.18476979438991892,0.077153107480405,,,,,,,,
5,x,101.0,-0.008455820917807656,0.00022924216918417578,-0.008685063086991832,0.03638615290475944,0.0013239521232085336,-0.04625245965828619,-0.0665909465275882,-0.17275387693783875,-48.68214966050945,-0.19643867631426024,0.10641860721503557,,,,,,,,
5,x,102.0,0.008481920413723035,0.00024273342643006847,0.008239186987292967,0.036390954929523815,0.0013243016006826336,-0.04550357192834064,-0.06616113223922612,-0.1665478917705979,-60.57988177107769,-0.20634698407022425,0.1075120449789157,,,,,,,,
5,x,103.0,0.021033870812242526,0.00025446673343671345,0.020779404078805814,0.03612087343355576,0.001304717497602954,-0.041353885459778285,-0.08318643708637481,-0.19564939529962946,-42.14154754896971,-0.20983770549640762,0.16390549886742797,,,,,,,,
5,x,104.0,-0.006795139638097383,0.0002635722120959183,-0.007058711850193301,0.03611819535896204,0.0013045240359881468,-0.04007911850211829,-0.08048520027168714,-0.1968978501988142,-44.12372930939679,-0.21082002917981618,0.165137760206669,,,,,,,,
5,x,105.0,-0.05220644167341935,0.0002712189918034095,-0.052477660665222754,0.03629185031802431,0.001317098399505881,-0.058786418125472445,-0.08216500222996954,-0.18672092354518358,-21.250601958368136,-0.175087582153512,0.11611850607284172,,,,,,,,
5,x,106.0,0.07376665729514592,0.00027677533069117306,0.07348988196445475,0.03638156793540724,0.001323618485438652,-0.07703783956322821,-0.06170570703625899,-0.16564613662815034,-22.24308400051007,-0.16275054359698085,0.1259658696305018,,,,,,,,
5,x,107.0,0.013802829928571323,0.0002800373226575845,0.013522792605913738,0.036345682363471556,0.0013210086264663673,-0.07580554261991797,-0.06895650827152822,-0.1568292510491622,-28.813554892818804,-0.18994483011842458,0.14472132369174492,,,,,,,,
5,x,108.0,-0.0789682456498045,0.0002816237710720524,-0.07924986942087654,0.03692307528385473,0.001363313488417204,-0.08788679223453708,-0.08338439968612049,-0.12123892968794187,-23.515693359830713,-0.23590331269181994,0.14066100743932997,,,,,,,,
5,x,109.0,-0.05162114312099473,0.00028116203870314616,-0.051902305159697876,0.03725532370005912,0.0013879591439961867,-0.04696711882520505,-0.08807265097865709,-0.1476947035312464,-19.466890197278488,-0.22599815798926784,0.056169531996448745,,,,,,,,
5,x,110.0,0.07690267932772372,0.0002786010145648531,0.07662407831315887,0.0370511500037232,0.0013727877165983975,-0.0743965216554108,-0.12638733071963018,-0.13766216593235783,-18.72810587983764,-0.2595673425487869,0.00853474580383116,,,,,,,,
5,x,111.0,-0.048516026375852464,0.0002739171896676731,-0.04878994356552014,0.037359943673016205,0.0013957653912509435,-0.09960362446357543,-0.10605635954312502,-0.10495907083478996,-15.60943169597698,-0.23887727754171453,-0.07604018450775966,,,,,,,,
5,x,112.0,-0.01595943047489122,0.00026787019625863106,-0.01622730067114985,0.03737610133621051,0.0013969729510946774,-0.09382013175331871,-0.11295875631072035,-0.09844170211799569,-15.485540989743926,-0.23515720856116495,-0.08228140355353494,,,,,,,,
5,x,113.0,0.048385992489879966,0.00025912902708911505,0.04812686346279085,0.037697822240292965,0.001421125801660727,-0.09855488558855734,-0.12807280524820572,-0.0674854449332126,-20.343953077070143,-0.24938701563025908,-0.13880087879931094,,,,,,,,
5,x,114.0,0.07463959170456923,0.00024841923079401464,0.07439117247377522,0.038424401081027494,0.001476434598435667,-0.07070004411771567,-0.1326758906693478,-0.09043646326392774,-39.19738446487577,-0.2258498283980619,-0.181944406894473,,,,,,,,
5,x,115.0,-0.016008316119333607,0.00023632337577911457,-0.016244639495112723,0.03845559251432671,0.0014788325956279407,-0.07715309387696392,-0.13674114823711392,-0.08812709396140472,-36.192708697110525,-0.2173984680656113,-0.19364349549821583,,,,,,,,
5,x,116.0,-0.047912083419906215,0.0002215787439556866,-0.048133662163861904,0.038728385034483497,0.0014998878073792055,-0.07205049960762495,-0.15919905784191146,-0.09945405506257121,-23.352072540029695,-0.18396753313246028,-0.26292302842299375,,,,,,,,
5,x,117.0,0.00395595015663595,0.00020554475091486333,0.003750405405721086,0.03872173340314464,0.0014993726377442072,-0.07399910375995701,-0.15830664075872808,-0.09589088149586673,-23.155845704194576,-0.18097857980633136,-0.26178727634117877,,,,,,,,
5,x,118.0,0.027398163750933107,0.0001875800066207169,0.02721058374431239,0.03878203227484483,0.0015040460273671062,-0.06875766214248312,-0.16675583294043483,-0.09673217550693296,-25.11717271499571,-0.18534755808957792,-0.27498116849676696,,,,,,,,
5,x,119.0,-0.025594312734210516,0.00016737433186792098,-0.025761687066078436,0.03866878788183203,0.0014952751562501193,-0.0713622801855868,-0.17271290238739545,-0.08762179825388142,-27.96480377788533,-0.1901672446066136,-0.2480351267761144,0.03304943293113667,1.4354496007627667e-06,0.9669491316192627,0.00015774400676679028,"{'sigma': 0.061764894912959424, 'lam': -3.141592631148608}","{'sigma': 0.013603318053538205, 'mu': -0.39346233120180396, 'w0': 1.7032932261397815, 'delta': 1.821078843278201e-10, 'psi': 0.1}",{'sigma': 0.017742175176654263},0.0001261952054134322
5,x,120.0,-0.007978813232266235,0.00014609702927527457,-0.00812491026154151,0.03866690324975238,0.0014951294069257114,-0.06897743655448657,-0.173811227692765,-0.08951539738391523,-25.45185030501641,-0.1775481825556523,-0.25070118053146057,,,,,,,,
5,x,121.0,-0.02528715817847977,0.0001228876586539545,-0.025410045837133723,0.038709566659918884,0.0014984305509987035,-0.06740340882270993,-0.1663441504673633,-0.09814898524082111,-24.6264399043082,-0.17263620565712204,-0.26326486282647127,,,,,,,,
5,x,122.0,0.02224498018138714,9.754791055766989e-05,0.022147432270829468,0.03877617366784101,0.0015035916443185665,-0.07140403508702887,-0.16752625707623386,-0.1017239078773952,-29.014344072283738,-0.1862623247513901,-0.2773634453165377,,,,,,,,
5,x,123.0,0.043831617184627254,7.062319996825107e-05,0.043760993984659005,0.03894572178407593,0.0015167692452826467,-0.058642553378336966,-0.16889048444115345,-0.09408756797738904,-34.665505822002025,-0.18643549344731186,-0.3066439508191882,,,,,,,,
5,x,124.0,0.021045114870828115,4.163317006608154e-05,0.021003481700762033,0.03885014825508391,0.0015093340194419996,-0.05977858566860785,-0.18244477756409397,-0.08433882312735239,-71.06376819341817,-0.22274418377317204,-0.272564145609351,,,,,,,,
5,x,125.0,-0.04505038081471765,1.1435004715227301e-05,-0.045061815819432874,0.0389858298344643,0.0015198949278818071,-0.08006352965131776,-0.18326469323049782,-0.0892351384439851,-59.23102373328576,-0.22043609221693133,-0.299941189050085,,,,,,,,
5,x,126.0,0.06767831171928515,-1.972937352116849e-05,0.06769804109280632,0.03906450538035798,0.0015260355806120175,-0.07497849600249934,-0.17002625045458972,-0.07634337834670843,59.58582391881952,-0.22683234401704308,-0.2683701550516711,,,,,,,,
5,x,127.0,0.017010617938547364,-5.331201099902864e-05,0.01706392994954639,0.03860166398443171,0.001490088462366972,-0.0705346600957755,-0.16821234629162873,-0.09519193551640638,175.5573022324611,-0.23965780088695207,-0.2120037138177709,,,,,,,,
5,x,128.0,-0.024702611233191688,-8.7948125612022e-05,-0.024614663107579666,0.03867935994890739,0.0014960928860571407,-0.07228182929152417,-0.1805141118217273,-0.0837278681614048,-450.60749187328753,-0.2152772621174705,-0.24110192950901982,,,,,,,,
5,x,129.0,-0.08198494400349925,-0.00012381063883514973,-0.0818611333646641,0.03951090760518676,0.001561111819785605,-0.05143778990018841,-0.19979678573249218,-0.112847577475101,-56.026601523951165,-0.24522942939520892,-0.287924026376385,,,,,,,,
5,x,130.0,0.01864930742465294,-0.00016126736744722053,0.018810574792100163,0.0392819416669098,0.0015430709411225043,-0.037145175229281256,-0.22277271157486853,-0.11727075428677222,-41.03577831742579,-0.24378776305065222,-0.24923698620545584,,,,,,,,
5,x,131.0,0.03969340617393488,-0.00020024072251802514,0.0398936468964529,0.03863362387386852,0.0014925568936275436,-0.0032922012232301464,-0.2339460565390151,-0.1382521707492593,143.43640009380172,-0.2473454585866048,-0.21641702638318402,,,,,,,,
5,x,132.0,0.019879543121331212,-0.000239685464080173,0.020119228585411385,0.03830905993221185,0.0014675840728897993,-0.004634144312033669,-0.22575304470223234,-0.14435664996819403,-764.8366583343845,-0.25275808212294254,-0.16668893853453998,,,,,,,,
5,x,133.0,-0.05434991852711922,-0.00028063668375441427,-0.054069281843364805,0.03865332108743881,0.0014940792310886419,-0.009367301917520759,-0.2363937239375234,-0.1433010480091658,-51.1819885216158,-0.2188480135867846,-0.24631116621998544,,,,,,,,
5,x,134.0,-0.03178215431436322,-0.00032286831678864374,-0.03145928599757458,0.03872842652820645,0.0014998910213506846,0.0012612415600199258,-0.25465715938741534,-0.1528260800817142,-45.711950956016715,-0.2127607117709339,-0.2671099649025492,,,,,,,,
5,x,135.0,-0.010572453627663224,-0.0003653243419796179,-0.010207129285683606,0.03873456615990885,0.001500366615596356,-0.0001757336212384256,-0.2486909789766227,-0.15552700370087114,-45.28805398770694,-0.2106153890488933,-0.2694870551341608,,,,,,,,
5,x,136.0,0.03940010532763306,-0.00040970103723857946,0.039809806364871636,0.03825464633568427,0.001463417966268282,-0.008672357985047764,-0.2707730367250778,-0.16135967314519828,136.53891915701018,-0.22847907902463288,-0.2220543930046333,,,,,,,,
5,x,137.0,0.052073934795888226,-0.00045497327278470255,0.05252890806867293,0.038582526994932476,0.0014886113893146933,0.003431030164128348,-0.27105799176399015,-0.17246424323581258,41.522749013725395,-0.24781008318968256,-0.26890203502371735,,,,,,,,
5,x,138.0,-0.0949503673558855,-0.000500310693976862,-0.09445005666190863,0.039701657660388086,0.0015762216209826518,-0.026311195158359932,-0.28973803084512273,-0.15735371685608848,192.16706708570317,-0.3142610307556816,-0.23517316988469372,,,,,,,,
5,x,139.0,0.05775828144584143,-0.0005475850902286706,0.058305866536070096,0.040071842014785926,0.0016057525224579627,-0.058038091559353015,-0.2686642036403209,-0.14388922691941594,66.12870365646603,-0.30553844044932554,-0.28276714509088746,0.13289588520472886,0.14116547284512693,0.7259386419501441,0.0003529701248311534,"{'sigma': 0.0636074079727676, 'lam': -3.1415926371238547}","{'sigma': 0.014173295501942018, 'mu': -0.36125185658813175, 'w0': 1.5638545075888706, 'delta': 6.396660978680302e-11, 'psi': 0.1}",{'sigma': 0.018143251465152905},0.00014118804993246137
5,x,140.0,-0.025381563655331237,-0.0005955406817464534,-0.024786022973584784,0.04011469915238819,0.0016091890880866138,-0.06412525989430799,-0.2422565342222443,-0.15025251219319014,73.64550432030106,-0.30049934176022597,-0.2957645483986032,,,,,,,,
5,x,141.0,0.033979277877421776,-0.0006435805184401765,0.034622858395861954,0.04018486932954976,0.001614823723032989,-0.0734325574328224,-0.2280678569365633,-0.1624208966729927,61.13548856388502,-0.30250465680154576,-0.3083470275221146,,,,,,,,
5,x,142.0,-0.03119066146622403,-0.0006921079833960452,-0.030498553482827984,0.0402222457876321,0.0016178290562006883,-0.08079965626618904,-0.21841680156556945,-0.17190377724087075,422.41644127811514,-0.2655978452027438,-0.3335706546864332,,,,,,,,
5,x,143.0,-0.0300570175778156,-0.0007414078391142539,-0.029315609738701346,0.04032724507840286,0.0016262866956135674,-0.07361004910121223,-0.223394562341471,-0.16918691466894056,-156.48021141194437,-0.23996811952892244,-0.3685597502948516,,,,,,,,
5,x,144.0,0.02781993767177409,-0.000791225452374906,0.028611163124148995,0.040339005151161185,0.0016272353365854085,-0.07863251080484983,-0.22219445364870644,-0.18571220737820276,134.63550154137278,-0.27471314817550524,-0.35670807376125513,,,,,,,,
5,x,145.0,-0.02189104263340496,-0.0008412587580011299,-0.02104978387540383,0.040398101910156595,0.0016320066379433976,-0.08245959521734238,-0.22471443268547828,-0.18133413270728688,412.93194944764497,-0.2589404626617741,-0.3776525252000568,,,,,,,,
5,x,146.0,0.057649027400894795,-0.0008916842336199853,0.05854071163451478,0.04057876343221797,0.0016466360416879098,-0.06416340648512703,-0.22659952980009979,-0.19820212343327553,161.24382238198072,-0.24909185528345343,-0.39187469170806616,,,,,,,,
5,x,147.0,0.01986244964794855,-0.0009426023776974244,0.020805052025645976,0.03931383359794239,0.001545577512166704,-0.029386138901341546,-0.22093216587387007,-0.1846959652719128,26.639867250198275,-0.1907782721272432,-0.4809043061832616,,,,,,,,
5,x,148.0,-0.03432125605806247,-0.000993105064272264,-0.03332815099379021,0.039222365572219905,0.0015383939610808613,-0.040704842176441824,-0.2395356146250817,-0.16759233024286224,56.231981499357715,-0.15218651116401558,-0.48098506497511656,,,,,,,,
5,x,149.0,0.01322321785349262,-0.0010435651456601014,0.014266782999152721,0.0391717752463096,0.001534427975947393,-0.04748233295257979,-0.232360776914857,-0.15624230094762684,65.29847845789742,-0.14638316717195482,-0.47047767145627406,,,,,,,,
5,x,150.0,-0.025690539109167784,-0.0010951296060958278,-0.024595409503071958,0.03918019524454058,0.0015350876994003203,-0.04291159552890607,-0.22102953069026265,-0.1612301979082709,346.76529858417257,-0.11284684401897456,-0.47917985834134835,,,,,,,,
5,x,151.0,0.0070402654633256135,-0.001146080288020782,0.008186345751346396,0.03893054333683071,0.0015155872045008536,-0.054320220392871175,-0.21850208903251286,-0.15453319153916492,60.91234702511343,-0.14061130679439676,-0.42277296760732386,,,,,,,,
5,x,152.0,-0.051056283654052424,-0.0011960279655823533,-0.04986025568847007,0.0391254463767016,0.0015308005541761524,-0.053953393666523033,-0.20200628767370304,-0.15479555444949286,84.13056566023965,-0.14102425387121734,-0.4529986160943792,,,,,,,,
5,x,153.0,0.058778453885584336,-0.0012468502247322882,0.060025304110316625,0.03955462066381415,0.001564568015858233,-0.07507530011358932,-0.1982942084769129,-0.17160500967362866,41.780075445061684,-0.13918040623886452,-0.5061209388965636,,,,,,,,
5,x,154.0,-0.028981176400335082,-0.001296900411289518,-0.027684275989045565,0.03953935434090142,0.00156336054169536,-0.08825503527312871,-0.20640669496978675,-0.1779491041934998,111.15103431726025,-0.10206435205644848,-0.510619918212912,,,,,,,,
5,x,155.0,-0.0160162155785337,-0.0013461892309707983,-0.014670026347562901,0.03953947442544475,0.0015633700378403991,-0.09434377292285075,-0.2123025921439179,-0.1718511886431183,739.2887506795469,-0.07960494172209444,-0.5135716473746622,,,,,,,,
5,x,156.0,-0.025111837504885284,-0.0013957343485370478,-0.023716103156348235,0.038879045612657766,0.0015115801877511232,-0.10526290754902864,-0.21208494925475468,-0.15753093204677887,-41.5679805525382,-0.08192803937960254,-0.49303660387596443,,,,,,,,
5,x,157.0,0.014560887199718237,-0.0014445174827605602,0.016005404682478797,0.03884667774894502,0.00150906437213038,-0.10808916153804823,-0.20772769339913508,-0.1513687396339227,-38.95773732200475,-0.07845939245044772,-0.4858401444683378,,,,,,,,
5,x,158.0,0.01170313769282123,-0.001492284779650333,0.013195422472471564,0.038870631483624705,0.001510925991935756,-0.10661459834286387,-0.2127910668031539,-0.15311283916216445,-44.17790297038368,-0.08706352867742276,-0.49105832900568774,,,,,,,,
5,x,159.0,0.02967926936962328,-0.0015399758152286791,0.03121924518485196,0.038649543620980976,0.0014937872221101112,-0.13549758015197205,-0.20181805547820733,-0.14922035131901668,-766.1831669776453,-0.12452158812601771,-0.4512835057719851,0.0008450093890831579,0.08018321117959676,0.91897177943132,0.0006039878190338026,"{'sigma': 0.0625646600009945, 'lam': -3.141592643836333}","{'sigma': 0.014396017356665958, 'mu': -0.36164253265702095, 'w0': 1.5655459075156362, 'delta': 1.6845746131366468e-07, 'psi': 0.1}",{'sigma': 0.018500398507633416},0.000134219515340845
5,x,160.0,0.036180145365040245,-0.0015862550819662384,0.037766400447006486,0.03796656460160222,0.0014414600276476347,-0.11578115380741422,-0.18701229424613627,-0.14289450441008555,33.755824723627676,-0.11904237001048934,-0.45095365845165186,,,,,,,,
5,x,161.0,-0.10575120784373675,-0.0016317605139569448,-0.1041194473297798,0.03932459248103453,0.0015464235737994378,-0.14220573209971885,-0.20319137669942192,-0.1528905128503982,-219.0933724356624,-0.20814240045262872,-0.27558558080010137,,,,,,,,
5,x,162.0,0.06807268248405256,-0.0016766026213744032,0.06974928510542697,0.03983978192891755,0.0015872082241437054,-0.18389153023861665,-0.18876992698358402,-0.1372320969435247,170.66169865420412,-0.1809335619595511,-0.31442297728805363,,,,,,,,
5,x,163.0,0.01290776264675165,-0.001720925416124809,0.014628688062876458,0.03985548421618099,0.0015884596221062521,-0.17703044977728552,-0.19191273306473278,-0.13145375854442476,140.0775522040102,-0.18462683426305254,-0.3176021825883568,,,,,,,,
5,x,164.0,-0.012533473208941694,-0.0017632331436624642,-0.01077024006527923,0.0397470527542364,0.0015798282026480515,-0.17974003034890218,-0.18752851137112014,-0.10919332967991473,-271.2161352783311,-0.1585335346182631,-0.29895238025652204,,,,,,,,
5,x,165.0,0.005580365295394431,-0.0018040878490203122,0.007384453144414743,0.03974800607782895,0.0015799039871631272,-0.17940106185117013,-0.18625947919563576,-0.10331255808108633,-270.05915489260775,-0.15893249168186524,-0.2991260684751025,,,,,,,,
5,x,166.0,-0.01938726323491385,-0.0018440962389915082,-0.017543166995922344,0.0396009698981025,0.0015682368168704207,-0.195585962800594,-0.20544567601743868,-0.10628236440170966,780.2733571914395,-0.16815326187082058,-0.26291604136122615,,,,,,,,
5,x,167.0,-0.07701810698815693,-0.0018826304495176797,-0.07513547653863925,0.0399826089716225,0.001598609020177668,-0.210046715292257,-0.20752052823370257,-0.0768252050806067,-206.98607079121555,-0.19235073188182314,-0.26780118029561756,,,,,,,,
5,x,168.0,0.034883078198132654,-0.0019191467207624628,0.036802224918895114,0.03958160898954802,0.0015667037702014684,-0.22703759671208504,-0.1861155853624624,-0.07372857708976414,47.917578270662254,-0.22133566286051243,-0.20833457933056432,,,,,,,,
5,x,169.0,0.009115229407033085,-0.0019547185066914664,0.011069947913724551,0.039592608756849786,0.0015675746681729783,-0.22603496257355324,-0.18764780178477658,-0.07451386005662443,42.00191993162624,-0.23075398362837402,-0.20849914154755958,,,,,,,,
5,x,170.0,0.06341785338355975,-0.0019881322418225794,0.06540598562538233,0.03951302890541976,0.0015612794532805373,-0.22439977408361084,-0.18756702933894362,-0.10474763211193039,44.63791453948852,-0.2388771799545418,-0.21056089872232472,,,,,,,,
5,x,171.0,-0.006265399940656365,-0.0020187744414520183,-0.004246625499204347,0.0395142849379596,0.0015613787141582614,-0.22540239224729508,-0.18777005049450404,-0.10470613066304395,51.15272366271014,-0.23104361280047095,-0.21343631959761805,,,,,,,,
5,x,172.0,-0.021338846902286938,-0.002048936418172057,-0.01928991048411488,0.0394304653072297,0.0015547615943446449,-0.2246232559437714,-0.18700613452618475,-0.10854561781394201,170.7229121681254,-0.19859039533435927,-0.2052229404813776,,,,,,,,
5,x,173.0,-0.0332330126053194,-0.002076306234728446,-0.031156706370590953,0.03955860848736733,0.0015648835054568103,-0.22103398206055352,-0.18516271776492055,-0.12217736574810359,-516.9546327134984,-0.17926423597086005,-0.24384486723301796,,,,,,,,
5,x,174.0,0.010202301304684979,-0.002101005849676111,0.01230330715436109,0.03939931121844752,0.0015523057244880851,-0.2211966141625061,-0.2015988790151497,-0.11782191837579041,99.08539375642007,-0.21059390608761988,-0.19577999459023213,,,,,,,,
5,x,175.0,-0.045672023777217616,-0.002125092750361276,-0.04354693102685634,0.03963524937940292,0.00157095299336746,-0.22157354767787127,-0.19211175341550807,-0.11197413557940296,-244.33205324405944,-0.1794490824077976,-0.258688240272179,,,,,,,,
5,x,176.0,0.024529616328989944,-0.0021460697794245852,0.026675686108414528,0.03938392349328183,0.0015510934297246765,-0.22195532985440508,-0.18658633380143338,-0.1147004260915484,66.14571077104826,-0.2175622315643854,-0.19829430842945409,,,,,,,,
5,x,177.0,-0.03439043144347995,-0.0021635442824562263,-0.032226887161023725,0.03946100880857907,0.0015571712161907547,-0.22881905604199357,-0.1768935995475672,-0.11527000167023886,1491.2615831518813,-0.18138016807796195,-0.2282258941555868,,,,,,,,
5,x,178.0,0.01696784737595492,-0.0021796729067696356,0.019147520282724557,0.039477832911403485,0.0015584992913806922,-0.23285824331726743,-0.17229724708747862,-0.12162807710504456,792.5427830565219,-0.18367868839584378,-0.23201911850939277,,,,,,,,
5,x,179.0,0.027400398617911118,-0.002192417485869067,0.029592816103780183,0.03957325854956496,0.0015660427922307165,-0.22795433469675544,-0.17863130325394377,-0.12156411808750102,173.07954488061566,-0.19359908719136812,-0.25263883761920664,3.682445189975277e-05,0.003178917019982428,0.9967842585281178,0.0002868552248413423,"{'sigma': 0.06668570697674579, 'lam': -3.141592377576617}","{'sigma': 0.02361617504656799, 'mu': -0.6194322649990056, 'w0': 2.681514079627335, 'delta': 2.0856316673700803e-11, 'psi': 0.1}",{'sigma': 0.019970518297018968},0.00012749121104059657
5,x,180.0,0.0031607052397433135,-0.0022018703346111303,0.005362575574354444,0.039558872745167055,0.001564904412868321,-0.2255555709890962,-0.17563421581681865,-0.12323967581831435,106.70314210073246,-0.2058995979566191,-0.2452209611081205,,,,,,,,
5,x,181.0,-0.07551060186363863,-0.002209933905216085,-0.07330066795842255,0.04021134379534734,0.0016169521698276188,-0.23383395618054126,-0.18467905893161168,-0.12808999988111247,-71.98669229471953,-0.19240894083226226,-0.3223366453944747,,,,,,,,
5,x,182.0,0.057110939750763576,-0.002214047905646314,0.05932498765640989,0.040142884966908,0.0016114512134664087,-0.2533102352251079,-0.176214007721091,-0.10921856537436128,-64.5955268086697,-0.19801789245957513,-0.3213248859273114,,,,,,,,
5,x,183.0,-0.04356832560487123,-0.0022150079585577663,-0.04135331764631346,0.04033879239482358,0.0016272181718726766,-0.2661617488562094,-0.15467205601871847,-0.11342235133525393,-43.16153485641979,-0.18368833706900253,-0.36888641463107485,,,,,,,,
5,x,184.0,0.02642078698799595,-0.002213541015924601,0.028634328003920552,0.04040361770530366,0.001632452323676327,-0.27397933325280754,-0.1468858182204864,-0.12358661494999049,-81.91959328368227,-0.21315834502346587,-0.3745761259238376,,,,,,,,
5,x,185.0,-0.0009322839947843243,-0.0022088058834439156,0.0012765218886595913,0.040358844489453455,0.0016288363285238876,-0.2789675558610866,-0.14563327385111724,-0.12436259369370109,-128.61682183645968,-0.22792908987211302,-0.3584723733745729,,,,,,,,
5,x,186.0,-0.04358323306084613,-0.002199289517317675,-0.04138394354352846,0.04040760066002222,0.0016327741910998283,-0.27727520732818184,-0.15657669383741707,-0.1267324187783768,-105.36097753516499,-0.22694304636722004,-0.36794641004524725,,,,,,,,
5,x,187.0,0.014045535679105693,-0.0021875233124706737,0.016233058991576368,0.040432835937284944,0.0016348142219314008,-0.27920901641854756,-0.1556363789647598,-0.1246390251728623,-128.18730801750627,-0.23264618404153187,-0.3724081450796024,,,,,,,,
5,x,188.0,-0.00902409773258065,-0.0021731081900937346,-0.0068509895424869165,0.04040237265095026,0.0016323517158262533,-0.28881118770137065,-0.15090530258672574,-0.12677362894704203,-170.5495790896794,-0.23994850184852154,-0.3621210759455738,,,,,,,,
5,x,189.0,0.019518859913733463,-0.0021538869141955524,0.021672746827929017,0.04005643869905942,0.001604518281251505,-0.28573088749257625,-0.156363800056612,-0.11937281915980559,77.89139785953556,-0.2754534108557172,-0.28714747979211636,,,,,,,,
5,x,190.0,-0.02662703989577518,-0.002131303883187899,-0.024495736012587283,0.040091899768434545,0.001607360427042202,-0.2865861821416721,-0.16045399751850684,-0.12232165279391106,902.9310697375658,-0.24430240255542032,-0.30796502747281723,,,,,,,,
5,x,191.0,0.01874286975684146,-0.0021059794280190135,0.020848849184860473,0.040104173335606126,0.0016083447189323412,-0.2862626247338623,-0.156963915429864,-0.11918374387592368,102.01563362491457,-0.2702394955780919,-0.3012221597752275,,,,,,,,
5,x,192.0,0.03312476982574942,-0.0020758875461382434,0.03520065737188766,0.0400610608773442,0.001604888598618278,-0.2832553504867665,-0.17431272421010785,-0.10799977583072012,123.24249027579476,-0.2705070119407177,-0.29429242823106144,,,,,,,,
5,x,193.0,-0.04562767577246918,-0.0020425445664132885,-0.04358513120605589,0.04030651729308561,0.0016246153362978093,-0.2932527513723722,-0.17810325033275953,-0.10090969574916123,-206.68922930671786,-0.24183143381034847,-0.35896622955466767,,,,,,,,
5,x,194.0,0.0022602427443972565,-0.0020055468837855738,0.00426578962818283,0.04006024936456665,0.0016048235791512626,-0.287383597511307,-0.18375546543979923,-0.0915599773394259,-64.3742768550404,-0.22911907450989358,-0.3173868969761631,,,,,,,,
5,x,195.0,0.0028098108699869152,-0.001964012757215614,0.0047738236272025295,0.03996810673875416,0.0015974495562804457,-0.2847345227658483,-0.19091210756723914,-0.08751712219604882,-122.59848324427307,-0.25172293799078777,-0.2860895285544998,,,,,,,,
5,x,196.0,-0.02390001237787194,-0.0019191307089253954,-0.021980881668946545,0.03997665356042184,0.0015981328298899883,-0.2818277155461269,-0.19390735477613702,-0.08941387922566385,-51.37939070581676,-0.22177699183504287,-0.2988649712002556,,,,,,,,
5,x,197.0,0.09484221987400238,-0.0018715962486242107,0.09671381612262658,0.04097556601224286,0.0016789970100236718,-0.28443467082671103,-0.17599696196149303,-0.08225707459310794,81.02532073081352,-0.16275396915265047,-0.2206037714641723,,,,,,,,
5,x,198.0,-0.06633283962032184,-0.0018185659633965451,-0.06451427365692529,0.04146680944752636,0.0017194962857574614,-0.3195758673250658,-0.16601697034480556,-0.0820021085893441,-121.88364582167249,-0.138243089368113,-0.2997947128982766,,,,,,,,
5,x,199.0,-0.03105365674524446,-0.0017617084806318402,-0.029291948264612618,0.041150560761609174,0.0016933686509948886,-0.31113653720020845,-0.17659340906217683,-0.0816736064847236,-33.1153406992565,-0.10912260637923184,-0.2659984684167042,6.815069938251717e-07,0.984204227654849,0.015795090838157222,0.00031722182817912285,"{'sigma': 0.06562419046500073, 'lam': -3.141592653589791}","{'sigma': 0.025950758176745303, 'mu': -0.6492015896326917, 'w0': 2.810385097916644, 'delta': 5.842428096869412e-09, 'psi': 0.1}",{'sigma': 0.019921790475332234},0.00014098747919072125
5,x,200.0,0.08677831490054393,-0.0017008873457202197,0.08847920224626414,0.04207929422017716,0.001770667002068235,-0.3179483962768777,-0.20463845247572554,-0.028430926745249344,-83.92067067689699,-0.0610563786827222,-0.2929413981103602,,,,,,,,
5,x,201.0,-0.09061015397735926,-0.0016360916427788307,-0.08897406233458043,0.04301233020736854,0.001850060549867708,-0.3476541848637061,-0.18411788512512164,0.005208428215461067,-32.512171711342226,-0.0927594913633876,-0.3364361765631591,,,,,,,,
5,x,202.0,0.03845513225621781,-0.0015691914287182848,0.040024323684936094,0.04319300692332706,0.0018656358470785794,-0.3594838887055655,-0.15906790380897476,0.0010514590751992527,-42.21246505307789,-0.10583071248896654,-0.3712509557661662,,,,,,,,
5,x,203.0,0.04063038869994383,-0.0014975252994284352,0.04212791399937226,0.04334905121517148,0.0018791402412555596,-0.34670650290105787,-0.1705149106295581,0.01341242806499907,-52.40053337232943,-0.11146054241208422,-0.39912114597476933,,,,,,,,
5,x,204.0,-0.05667168425570638,-0.0014223796927791267,-0.05524930456292725,0.0436975658232364,0.001909477258876078,-0.3593987366193538,-0.18042243826557589,0.0404624273064563,-32.95370310688335,-0.09612034864832983,-0.4613190207235225,,,,,,,,
5,x,205.0,-0.01876144948535488,-0.0013446391335264559,-0.017416810351828425,0.0434138854904238,0.00188476545337563,-0.33777348382170796,-0.1806485445663092,0.014161019043515775,-43.78257534155613,-0.10541654968467888,-0.41096799974130827,,,,,,,,
5,x,206.0,0.06538826137740286,-0.001262991007694533,0.06665125238509739,0.043302382731322676,0.0018750963502099523,-0.35041260839728156,-0.17100246096510338,0.05156835188681674,-40.267687671513556,-0.11415285760316506,-0.41265294026313115,,,,,,,,
5,x,207.0,-0.10039877417857902,-0.0011775024613423105,-0.09922127171723671,0.04440178984609624,0.001971518941536895,-0.37263817009731764,-0.1544717669254194,0.07510085777847154,-20.02444704776269,-0.1436061416095128,-0.41968295161604335,,,,,,,,
5,x,208.0,-0.059027222446197056,-0.0010895169089702968,-0.05793770553722676,0.04407271938556071,0.0019424045940383788,-0.35987567187220976,-0.143837301698299,0.06030598790051496,-21.84013869572398,-0.126269256588669,-0.4130316354925962,,,,,,,,
5,x,209.0,0.06979679306118043,-0.0009976165818624066,0.07079440964304284,0.04434460509336287,0.001966444000886304,-0.3607516889237709,-0.19170168580002958,0.08046661706826454,-55.16942707702892,-0.1494744434361091,-0.4114561145231872,,,,,,,,
5,x,210.0,-0.02441228046842673,-0.0009025094635369968,-0.023509771004889733,0.04373144515648529,0.001912439295474681,-0.3522440249422866,-0.17883649052445313,0.07252903308567146,-24.06874599746065,-0.1420834965368492,-0.37306355357503085,,,,,,,,
5,x,211.0,-0.027689693609571128,-0.0008056996416913439,-0.026883993967879785,0.04354227326964728,0.0018959295614886405,-0.3543591505531055,-0.17587596916978024,0.10171070412802746,-27.06715338120206,-0.14766358250514577,-0.3371842484161807,,,,,,,,
5,x,212.0,0.010695700253004783,-0.0007059229659200563,0.01140162321892484,0.04352861953791905,0.001894740718876908,-0.3535627622375957,-0.1733273966830826,0.10407715134263015,-32.43262558063754,-0.1665333213997424,-0.32970732470370234,,,,,,,,
5,x,213.0,0.036743876570177726,-0.0006023962954986378,0.037346272865676364,0.0434210762967646,0.0018853898667694528,-0.3772579454928718,-0.175061201706013,0.11247372862124444,-29.77011910735561,-0.16770029093244865,-0.31442996910965343,,,,,,,,
5,x,214.0,-0.01723176382064945,-0.0004976195070879037,-0.016734144313561544,0.04279036434644862,0.0018310152809018212,-0.3785788270248148,-0.15986339576191286,0.11453020630553057,-17.99987360018082,-0.16532535047466795,-0.26364046347177483,,,,,,,,
5,x,215.0,-0.015234387773877192,-0.00039067313569348945,-0.014843714638183703,0.0427856061878554,0.0018306080968622505,-0.38349381233376656,-0.16190065561925115,0.1160589336028057,-18.05665639691086,-0.1662683847177822,-0.2622090384795675,,,,,,,,
5,x,216.0,-0.05493486206439832,-0.0002809942423609974,-0.05465386782203732,0.04286282774921825,0.0018372220026591538,-0.37722603353958106,-0.1496242212897957,0.09772538240046913,-17.568549586781888,-0.16718693362007042,-0.27306606458084515,,,,,,,,
5,x,217.0,0.05981501859877787,-0.00017024398663912938,0.059985262585417004,0.043295341529256084,0.0018744865981349266,-0.38988695571183857,-0.1524641938077639,0.09138514440963706,-23.0152730922585,-0.17289309994736135,-0.3329511692559881,,,,,,,,
5,x,218.0,-0.08823022113906863,-5.818088929606386e-05,-0.08817204024977257,0.0440757293513879,0.0019426699178567966,-0.40422548967462707,-0.12249905057977335,0.10019868514438247,-14.510810874677194,-0.16701527770278096,-0.380751436855646,,,,,,,,
5,x,219.0,-0.06672698945396681,5.661946572920373e-05,-0.06678360891969601,0.04448988855828103,0.0019793501839282654,-0.36425175611117605,-0.1443493155893109,0.12032825309753362,-12.900228087792424,-0.164668148755102,-0.43928556006680475,3.7099196521975617e-16,0.9999999999993425,6.570698703389426e-13,0.0008239776990819972,"{'sigma': 0.07213057974089744, 'lam': -3.141592244545479}","{'sigma': 0.024695440144625325, 'mu': -0.49782971810692456, 'w0': 2.2723032279042337, 'delta': 0.11720496489659793, 'psi': 0.1}",{'sigma': 0.0221509660862796},0.00023542219973771334
5,x,220.0,0.046256731811392955,0.00017206272738094167,0.046084669084012014,0.044746694250428654,0.0020022666463413445,-0.37531241768982737,-0.16145077798455715,0.13631105424625306,-15.395853055693397,-0.18594951321545317,-0.47667071221883534,,,,,,,,
5,x,221.0,-0.012174089486945984,0.00028785893066532036,-0.012461948417611305,0.04469602352338263,0.0019977345188027735,-0.37387488021542303,-0.15168546405801062,0.1414893622573364,-16.10504168826077,-0.19405215048924288,-0.46331504914645094,,,,,,,,
5,x,222.0,-0.017431401037499867,0.00040554842967287566,-0.017836949467172743,0.04466076570500113,0.001994583993357005,-0.38075094086787936,-0.15777022719473677,0.1511801798076221,-14.079485615244367,-0.1691436896121581,-0.462478853044396,,,,,,,,
5,x,223.0,-0.059336179991091136,0.0005228515719331899,-0.05985903156302433,0.0447914861405457,0.0020062772306786974,-0.38093838139791536,-0.1450145575798369,0.12076348167625565,-10.655193883738646,-0.13006726485853617,-0.49063919228821634,,,,,,,,
5,x,224.0,-0.054834353580784576,0.0006394716473748095,-0.055473825228159385,0.04503008781197677,0.002027708808354339,-0.3574028785438693,-0.15046772494601987,0.12038196389951815,-9.074040337968027,-0.0939002046147195,-0.5348874031622627,,,,,,,,
5,x,225.0,0.06313833505337098,0.0007575358842518348,0.06238079916911914,0.0453152235977868,0.002053469489717414,-0.3595033695325385,-0.16310734202344296,0.10985649545472184,-11.677282985392944,-0.12489381706785149,-0.5486715287575464,,,,,,,,
5,x,226.0,0.0925590113128716,0.0008749101235003019,0.0916841011893713,0.04575283118379661,0.002093321561332992,-0.3289351472574051,-0.177627533540649,0.11084283251575652,-12.597756416764012,-0.084489601777902,-0.5088880932805052,,,,,,,,
5,x,227.0,-0.04457698893084037,0.000990805205135858,-0.045567794135976225,0.0459116691038874,0.002107881359904849,-0.3384316602459711,-0.1838161521728906,0.11900328934383654,-10.808595443161998,-0.051190275499733,-0.5405455666232292,,,,,,,,
5,x,228.0,-0.041417216203826684,0.0011072995672952886,-0.04252451577112197,0.04603138628115147,0.00211888852296458,-0.34130990418867885,-0.19582274392987392,0.10907626345499034,-10.426499012808351,-0.044318948759527056,-0.5625280031122938,,,,,,,,
5,x,229.0,0.10046341149395331,0.001222009931281391,0.09924140156267192,0.04646733187910911,0.0021592129319632698,-0.3486341063878394,-0.19896865854068826,0.1613359652632474,-17.938545240158113,-0.0019640325268303737,-0.49961895999875827,,,,,,,,
5,x,230.0,-0.08013019956336469,0.0013351810362267273,-0.08146538059959141,0.04710382899808406,0.0022187707062807445,-0.3782696058944936,-0.18296948520466827,0.1811350844595868,-13.164269681011913,0.011906827772797487,-0.5497114683840761,,,,,,,,
5,x,231.0,0.028483578436239547,0.0014474746413300251,0.027036103794909522,0.04700458148865114,0.0022094306809232454,-0.3893107364726644,-0.15566858026509803,0.18159480610103404,-12.737486389952348,0.015371185796589158,-0.5334315516074013,,,,,,,,
5,x,232.0,0.0364086372984025,0.0015579121803888391,0.03485072511801366,0.047099358260439976,0.0022183495485452757,-0.379584465491148,-0.16373651745493636,0.195147037492355,-13.361653738250366,0.00971751954628035,-0.5504674623099081,,,,,,,,
5,x,233.0,-0.01905630341829161,0.0016655816911862,-0.02072188510947781,0.04684728397835959,0.002194668016149067,-0.39148779191925115,-0.16895690177293693,0.21111049365850915,-14.768871939170683,0.0012891639602191926,-0.5112783687982055,,,,,,,,
5,x,234.0,0.002253413674421562,0.001771823749959974,0.00048158992446158816,0.04675372114075706,0.0021859104405076734,-0.3933734082571668,-0.1633230216488182,0.2205204912241558,-16.510989328954935,-0.017056800441725316,-0.4920356872574433,,,,,,,,
5,x,235.0,-0.00382636428710498,0.0018754147459814569,-0.005701779033086437,0.046747666604495725,0.002185344332965085,-0.39340985656317,-0.16187391231413129,0.22008034772745122,-16.91175148094256,-0.01995903363739775,-0.49062463403478773,,,,,,,,
5,x,236.0,0.05992026506914328,0.001975540714296095,0.05794472435484719,0.04694512911609224,0.0022038451477265717,-0.40608284490114716,-0.14547015848618783,0.2034258110637299,-18.345032450896916,-0.01751377981060903,-0.5125293421158972,,,,,,,,
5,x,237.0,-0.01491477126074324,0.002073364426881814,-0.016988135687625056,0.046650302539696195,0.0021762507270451856,-0.3939560263324664,-0.1632942079636583,0.21092563462662928,-14.447749699163348,0.011358372109802364,-0.4666073385627724,,,,,,,,
5,x,238.0,-0.05833510759339574,0.002167879940569774,-0.06050298753396551,0.046092597394429204,0.0021245275345649415,-0.37068552004286187,-0.19120642394033843,0.23185112416017725,-16.100840050459958,0.0509587856510644,-0.4836514206527151,,,,,,,,
5,x,239.0,0.030641857015771795,0.002259370801382994,0.0283824862143888,0.04579404519658406,0.002097094575466784,-0.37257822125279993,-0.2060900696836454,0.24906936952775657,-14.6124355881996,0.0515353661470048,-0.44378996048172203,6.672250138138018e-16,0.9999999999997131,2.8629226625397506e-13,0.0011604030219300124,"{'sigma': 0.07757400432924468, 'lam': -3.1415918723997516}","{'sigma': 0.018230682444413393, 'mu': -0.3034841889243638, 'w0': 2.1641909164928363, 'delta': 0.8504118779728773, 'psi': 0.1}",{'sigma': 0.023449746865888726},0.0003315437205514319
5,x,240.0,0.03296130473013426,0.002346802769430097,0.030614501960704164,0.04585294369192486,0.0021024924452148317,-0.36363252676790553,-0.21689848228155256,0.2435354978009808,-17.978159326874117,0.019355845561262526,-0.4571039154159973,,,,,,,,
5,x,241.0,0.005576784003217371,0.0024309037551783082,0.003145880248039063,0.04570936680699521,0.002089346213896435,-0.3587107052285973,-0.21182673139419456,0.2360745536498174,-16.12604695209621,0.03548857965368548,-0.42735856326413885,,,,,,,,
5,x,242.0,-0.02009374510937944,0.0025109179609812925,-0.02260466307036073,0.045666356092701775,0.0020854160787854405,-0.3640529417318332,-0.2110788586380826,0.23014913567645878,-16.76730269107807,0.031862335990339996,-0.41874052699114245,,,,,,,,
5,x,243.0,0.009637204213556277,0.0025868602648289173,0.007050343948727359,0.045590303304141024,0.0020784757553635722,-0.36189542395516544,-0.21403059815926576,0.24168782262005478,-19.59529826775412,0.009929599591396667,-0.4029804705482278,,,,,,,,
5,x,244.0,-0.011049606902179541,0.002659299403160875,-0.013708906305340416,0.04550427173933441,0.0020706387465271882,-0.3604976056759413,-0.2239623941500191,0.23873787796462903,-16.758534481055793,0.03527042404499538,-0.38376712879246416,,,,,,,,
5,x,245.0,0.017634640752162548,0.0027264419430717995,0.014908198809090749,0.045493706492371964,0.002069677330414087,-0.35895643207579553,-0.22129749555496506,0.23434348603405425,-19.609080636719675,0.012386547533556233,-0.3821892241529092,,,,,,,,
5,x,246.0,0.15921870709085223,0.0027892625458803572,0.15642944454497187,0.04779504572141304,0.002284366395511963,-0.3356270127583543,-0.21064858613782345,0.22530718093491578,-36.64320592166184,0.299811722507878,0.35870436717848375,,,,,,,,
5,x,247.0,-0.062043635361752045,0.002848506580835203,-0.06489214194258724,0.04817435570479626,0.0023207685475722358,-0.3560776185567745,-0.21578883147659114,0.2297481193539211,-22.687402962662023,0.3218316443174546,0.3067469089480896,,,,,,,,
5,x,248.0,-0.030486294015971534,0.0029021264331899783,-0.033388420449161516,0.048174758981984964,0.002320807402972341,-0.34195823429054756,-0.2293571854982814,0.22843050898624326,-23.10487870880647,0.321844884202115,0.3066654491805125,,,,,,,,
5,x,249.0,0.07776126574627974,0.002950242167179651,0.07481102357910009,0.04875122820745572,0.0023766822517354265,-0.34645716186698317,-0.24621494601854904,0.2696126325327524,-33.8628606758194,0.31164569878143283,0.19572103508359073,,,,,,,,
5,x,250.0,-0.06692224542588877,0.002994932318306293,-0.06991717774419506,0.04918305025481673,0.002418972432367828,-0.36039712685613395,-0.24010762798136878,0.2923613373009248,-26.556957409008636,0.30432494665640203,0.13404444006224375,,,,,,,,
5,x,251.0,0.09077531993142886,0.003034843690993079,0.08774047624043578,0.04997496736689942,0.0024974973633226623,-0.37622078282700905,-0.20928750569628288,0.27631958284665903,-49.25422631073538,0.299565020036824,0.020932818759052563,,,,,,,,
5,x,252.0,0.06914512884488884,0.0030690798099356647,0.06607604903495318,0.050162704826519744,0.0025162969555125475,-0.33561305363096056,-0.23130436013770853,0.28991960500086467,267.7042651252598,0.259366143664928,-0.030563119458780208,,,,,,,,
5,x,253.0,-0.06365549712749838,0.0030985828237050693,-0.06675407995120344,0.050249209590696814,0.002524983064489777,-0.3437134014201466,-0.24782339333643094,0.3122654995901629,-48.458266418590135,0.293395508303227,-0.010962083385834495,,,,,,,,
5,x,254.0,0.13190811580623968,0.003123852433948926,0.12878426337229076,0.05180941926967457,0.002684215925060927,-0.365420098060705,-0.2078075194011373,0.3447124709788438,90.58628778751262,0.3372268607484726,0.002687916539838408,,,,,,,,
5,x,255.0,0.07794827068202362,0.003143702593919705,0.07480456808810391,0.05230702211703405,0.002736024562751889,-0.3172904775381014,-0.22208963753923472,0.357945359006881,34.60421921418778,0.3046030271898152,-0.09446044160097605,,,,,,,,
5,x,256.0,-0.043594787106011605,0.0031586745542866055,-0.04675346166029821,0.05247124404505003,0.002753231451635199,-0.3250341912018963,-0.23653939979458946,0.36936610095013594,39.548710037687854,0.3081918564189468,-0.11901443120861661,,,,,,,,
5,x,257.0,-0.006528409746949284,0.003168997017597674,-0.00969740676454696,0.05246302825419106,0.0027523693336000497,-0.32240265723407435,-0.2391373929319199,0.35156538171021623,47.01591255625238,0.3230184867134826,-0.11075019775989141,,,,,,,,
5,x,258.0,-0.03758179537873976,0.003174812898421327,-0.04075660827716109,0.05261732871202283,0.0027685832807890615,-0.3215607614546252,-0.23225151745985498,0.3474029192174803,84.45697167242338,0.34617001159567157,-0.12708617846362652,,,,,,,,
5,x,259.0,-0.03057148112981225,0.0031754184949678074,-0.03374689962478006,0.0526393320802701,0.0027708992818569526,-0.32024560840673183,-0.22369597245536843,0.3473870691835125,2567.7700556424143,0.37861471348645576,-0.11274732732369294,0.003636730533775333,0.3352209889742437,0.6611422804919811,0.0013631569298326546,"{'sigma': 0.08052668673561858, 'lam': -3.1415923424133045}","{'sigma': 0.13499351051188357, 'mu': -0.999999170356077, 'w0': 6.328983168045571, 'delta': 1.9999999903466787, 'psi': 0.1}",{'sigma': 0.024205472630050805},0.0003894734085236153
5,x,260.0,0.10005363245517382,0.0031713794967873294,0.09688225295838648,0.05339231066585335,0.0028507388382389975,-0.31891810256065434,-0.24590953605046909,0.3364968505025954,80.99133036431896,0.3865732789804706,-0.1830909805146951,,,,,,,,
5,x,261.0,-0.1265715667944023,0.003163868778115305,-0.1297354355725176,0.05395904820259905,0.002911578882930408,-0.3321024951925945,-0.2211149343894755,0.34775222995716304,119.63481977431267,0.3189391764157588,-0.08328660738537316,,,,,,,,
5,x,262.0,0.07338652395748516,0.0031513230465196455,0.07023520091096551,0.05396536778839529,0.0029122609205367717,-0.35770842412590137,-0.19043875424490933,0.33647114778276976,107.03809905223585,0.3190130462583125,-0.08399089186840679,,,,,,,,
5,x,263.0,0.07497415380551568,0.0031345515085708787,0.0718396022969448,0.05441785640785922,0.002961303096026385,-0.3340557733650842,-0.2155553039247575,0.3534332301567401,48.378582546791456,0.301963641492808,-0.16513782080563968,,,,,,,,
5,x,264.0,-0.046822667859527774,0.0031148319384701065,-0.04993749979799788,0.05464454890485979,0.002986026725015613,-0.34183743858722193,-0.2258739439412607,0.36506994521158626,69.88315160235479,0.3118767312527597,-0.19630450167898486,,,,,,,,
5,x,265.0,-0.050493771491584544,0.0030900349720529375,-0.05358380646363748,0.054908654222459295,0.003014960308521597,-0.3292304035484247,-0.23653196484726302,0.3467458137940651,248.23045644319603,0.33141416921686073,-0.22684956792857353,,,,,,,,
5,x,266.0,0.10198972084928035,0.003061574551741649,0.0989281462975387,0.05575960833168838,0.0031091339213032924,-0.3479386781450246,-0.2468395479840423,0.36251248454968243,38.85767815526031,0.310255880260637,-0.3217678080393614,,,,,,,,
5,x,267.0,-0.01682136933969003,0.003030061570092973,-0.019851430909783002,0.05526648750516475,0.003054384641158532,-0.3443433068961143,-0.24149905333345031,0.3872617155443395,27.132146533858986,0.3146532258447342,-0.27421167852493006,,,,,,,,
5,x,268.0,-0.06330352719052333,0.002994869654787678,-0.06629839684531101,0.055567855853685066,0.003087786604175922,-0.33863095958458794,-0.267374153418736,0.39614296034013813,52.667385279243895,0.3448169046929392,-0.28789245502465016,,,,,,,,
5,x,269.0,0.1631722360359682,0.002956355615336313,0.1602158804206319,0.05780360258374756,0.003341256471659828,-0.3610327481841547,-0.267326572566938,0.4250316027563478,22.269485856025003,0.44358722039416115,-0.12800345103588145,,,,,,,,
5,x,270.0,-0.09299480600041021,0.002915178410355221,-0.09590998441076544,0.05827274583854887,0.003395712907564115,-0.38976878612811766,-0.2389217228730557,0.4354053432474379,56.49239111964323,0.45532473610563984,-0.10306271009420244,,,,,,,,
5,x,271.0,-0.05507064616301025,0.0028710339957629897,-0.05794168015877324,0.058564986726117596,0.00342985767023033,-0.3660810799932437,-0.25726983147250787,0.44251608671117143,107.76270368893607,0.4662939561362726,-0.1342765413638241,,,,,,,,
5,x,272.0,0.2052250965280247,0.0028235174133087386,0.20240157911471596,0.06192272574512742,0.0038344239637062667,-0.3795839594897876,-0.2940709110962027,0.4916584834964773,22.043602377637256,0.6444824900876321,0.39217318358105047,,,,,,,,
5,x,273.0,-0.17693801346545854,0.00277491650915996,-0.1797129299746185,0.06446406642319052,0.0041556158598135195,-0.4362156501053478,-0.2569734159586171,0.5158588484351663,46.983693492334815,0.41110680008777545,0.5920611596369674,,,,,,,,
5,x,274.0,-0.1028679438601009,0.002723106887583257,-0.10559105074768416,0.06532471486747413,0.004267318372516794,-0.36644499959829524,-0.2940124256302953,0.52461472078621,270.6644346797495,0.4056843439536686,0.5057051747171201,,,,,,,,
5,x,275.0,0.08245421647896352,0.0026695774149012525,0.07978463906406226,0.06566396152412174,0.00431175584304134,-0.37712648432596996,-0.31905641294348447,0.5357015473134848,43.12587021280818,0.36358497657207567,0.42298822503086875,,,,,,,,
5,x,276.0,0.013361487677167822,0.0026141654204665373,0.010747322256701285,0.06562010978725534,0.004305998808491444,-0.3711836861408201,-0.31869536451639635,0.5083638565849826,46.508390242706305,0.37115525251534015,0.43586109863691913,,,,,,,,
5,x,277.0,-0.0725531010907041,0.0025572838402387697,-0.07511038493094288,0.06597688893516443,0.004352949873563023,-0.3696019668305505,-0.32672160809778766,0.518070510415838,64.09855273237996,0.3706878734353788,0.3879900559216426,,,,,,,,
5,x,278.0,-0.04817933235984012,0.0024994824935586557,-0.05067881485339878,0.06614481973286669,0.004375137177493431,-0.3590225899282046,-0.3272681296276724,0.5099107950949634,175.06406425009823,0.39522893577657514,0.37315939965597633,,,,,,,,
5,x,279.0,0.09289040466405796,0.002440581466892588,0.09044982319716537,0.0667010503856177,0.004449030122544712,-0.3658499727140305,-0.33518879274928753,0.5057188464079982,64.58698020238919,0.3825892102812827,0.28038165000708604,6.761233135168039e-20,1.0,2.2751876345474303e-18,0.0027124130151706194,"{'sigma': 0.09871044941741237, 'lam': -3.1415926518765307}","{'sigma': 0.015340695634261658, 'mu': -0.15557202897107447, 'w0': 2.1587876021197365, 'delta': 1.4853183470437956, 'psi': 0.1}",{'sigma': 0.02962759137320221},0.0007749751471916051
5,x,280.0,-0.027806286920065714,0.0023802555074144516,-0.030186542427480166,0.06676807647231119,0.004457976035812394,-0.3696775667347597,-0.3324306418398519,0.5087099604220926,92.34070682003684,0.3967586729977042,0.2759348805202185,,,,,,,,
5,x,281.0,-0.09563539263996312,0.0023194195742481188,-0.09795481221421125,0.06708573922992508,0.00450049640802551,-0.35223934484193875,-0.35545346775646436,0.5215706198380303,128.5624745298344,0.38381538512934954,0.25169620540213655,,,,,,,,
5,x,282.0,0.07636133978178761,0.002258341834824958,0.07410299794696265,0.06723469980214491,0.004520504857484546,-0.35922909486782245,-0.36369004525763104,0.5306312176281894,94.12428411601752,0.381336791120132,0.22812092907530543,,,,,,,,
5,x,283.0,0.10005407550584705,0.002196587961796035,0.09785748754405102,0.06781337480468529,0.004598653802400724,-0.3355677615281082,-0.37784537824951825,0.5158946608190652,31.53315052574919,0.3422976240229766,0.12977504862638198,,,,,,,,
5,x,284.0,-0.19121032296948756,0.002135067986791038,-0.1933453909562786,0.07048544523921951,0.004968197990571013,-0.35934211679631983,-0.39015805046403756,0.5307483611699653,-2735.3043673720776,0.18406529430250962,0.3080588691957618,,,,,,,,
5,x,285.0,-0.0047706182657407045,0.002073381842903143,-0.006844000108643848,0.07048740445576962,0.004968474186911251,-0.34354698015587365,-0.3874414188506781,0.526485681933044,-1098.7541174369187,0.1875705689724195,0.3085727621500435,,,,,,,,
5,x,286.0,0.21737735844864264,0.0020116956509801586,0.21536566279766248,0.07361346277689096,0.0054189419020047105,-0.33024477418310955,-0.438369893031194,0.5434906190646117,28.91958317149679,0.32177368956827834,0.5141205239423629,,,,,,,,
5,x,287.0,-0.08606395459952282,0.001951451643083066,-0.08801540624260588,0.07413795797870568,0.005496436813252328,-0.348641625592145,-0.4351137524344957,0.5530669539802857,48.005653530926885,0.3398600104659669,0.4544816991297363,,,,,,,,
5,x,288.0,-0.0027829052657201876,0.001890940488565424,-0.004673845754285612,0.0741361314508871,0.0054961659865032115,-0.3451378215018099,-0.4184833433772844,0.5535650516522621,46.13982940381916,0.3389924535887754,0.4544154087790652,,,,,,,,
5,x,289.0,0.1447864946716676,0.001831402421079897,0.1429550922505877,0.07546765295130713,0.005695366641978935,-0.3395443531814421,-0.4317802857926525,0.5747288771039016,26.39239285475757,0.3413951586767441,0.3226511208668709,,,,,,,,
5,x,290.0,-0.08446704658395372,0.0017727822354247406,-0.08623982881937846,0.07593460450620373,0.0057660641615135755,-0.35252967992522527,-0.4272455371135028,0.5799811663238895,33.28936282685979,0.3444818031928083,0.2697324002125884,,,,,,,,
5,x,291.0,-2.3036484303809012e-05,0.0017151152102115462,-0.0017381516945153552,0.07590855977612297,0.0057621094472852345,-0.35145836685114784,-0.4194606946589149,0.5800926570291077,36.261103267396,0.35376064995215645,0.2786275978354545,,,,,,,,
5,x,292.0,0.12131758807090827,0.001658558616194376,0.11965902945471389,0.07676052857750491,0.0058921787474979495,-0.34596047629570564,-0.4301410564945868,0.5925057944455873,25.79911610214664,0.3457887854126498,0.17610534821694987,,,,,,,,
5,x,293.0,-0.11750163554758157,0.0016034081379692495,-0.11910504368555082,0.07757692282944319,0.006018178955685384,-0.36221131215049635,-0.424846098098688,0.598909837152678,34.37814701040946,0.3279823185396172,0.11504616784279399,,,,,,,,
5,x,294.0,0.059884613594584926,0.0015495985824720115,0.05833501501211291,0.0777890001330756,0.006051128541703635,-0.3683599630830152,-0.40719603274073546,0.601073796261733,27.459913116624566,0.3081843731872144,0.07417079241229466,,,,,,,,
5,x,295.0,-0.0037688630504715505,0.0014969415851849913,-0.005265804635656542,0.07779108781683022,0.006051453343725791,-0.3680090053207576,-0.4045473189518799,0.5950767286860753,28.11353215205792,0.3121030068329404,0.07549835681767868,,,,,,,,
5,x,296.0,0.02619321104941351,0.0014464914047687166,0.024746719644644793,0.07779014156176717,0.0060513061241997766,-0.3673274864103437,-0.405185633285434,0.582266339526334,23.803841817524916,0.294284287666387,0.06806232582787969,,,,,,,,
5,x,297.0,-0.1815858126009012,0.0013973362077490884,-0.1829831488086503,0.0793545811185668,0.006297149544503198,-0.3580195688946445,-0.39063292887011175,0.5409768620558821,157.54787677962696,0.23742923795291138,0.14634661309691094,,,,,,,,
5,x,298.0,0.03538564441571372,0.0013498943471571536,0.03403575006855657,0.0791698688614104,0.006267868135532921,-0.3624779247158167,-0.38292792127578523,0.5358100552720639,52.05563337707599,0.20719809311535553,0.1609285290380743,,,,,,,,
5,x,299.0,0.13753481211584775,0.0013043342529626375,0.1362304778628851,0.08027469194119949,0.0064440261662544775,-0.34778339575809614,-0.4140041191001739,0.5359212002608071,25.032997909529247,0.1865485527818035,0.055649841569560356,1.0461746534398493e-13,0.9999999999979605,1.934839286240957e-12,0.0031240961082526957,"{'sigma': 0.12333552372261068, 'lam': -3.1415924111333995}","{'sigma': 0.030592611060120456, 'mu': -0.29610264612595527, 'w0': 1.9409506003817634, 'delta': 0.6591261629725199, 'psi': 0.1}",{'sigma': 0.036691788042295635},0.0010413653694175658
5,x,300.0,-0.13363765922192064,0.0012604405900152528,-0.1348980998119359,0.0809383490705182,0.006551016350261054,-0.35856590181530607,-0.4237823250714849,0.5514518106999938,80.72883450073915,0.2043086074657846,0.044884421090184916,,,,,,,,
5,x,301.0,0.011665002585324965,0.0012186840411667413,0.010446318544158223,0.08045120874793342,0.006472396989003559,-0.352681840788848,-0.4124336707619798,0.548476028282199,39.722188131208085,0.18389108893397607,0.09553222839725212,,,,,,,,
5,x,302.0,0.09107478101951819,0.0011789733327771147,0.08989580768674107,0.0808530383450838,0.006537213809631592,-0.3525303478489713,-0.4209568698118393,0.5580449645233796,31.687895337643585,0.17505454870188034,0.04338201004797001,,,,,,,,
5,x,303.0,-0.14550061696700056,0.0011403412891699593,-0.14664095825617052,0.08207456210558849,0.006736233744824101,-0.3624519247990274,-0.41596180473287814,0.5698932576168637,118.90843856164112,0.17661939377194705,-0.014352381473317815,,,,,,,,
5,x,304.0,-0.012264882762040472,0.00110435957475734,-0.013369242336797812,0.08190168044906217,0.006707885260380292,-0.3559700972078476,-0.4117269035453607,0.5667224483168956,72.20451963536333,0.16504451492496588,0.005984971936602841,,,,,,,,
5,x,305.0,0.17005586770911674,0.0010695936306675917,0.16898627407844916,0.08361814643381348,0.006991994413026673,-0.35127083507809365,-0.4391004921410513,0.5740738923000215,27.665459948462004,0.17289146508193995,-0.07844534186188684,,,,,,,,
5,x,306.0,-0.17941195811153918,0.0010369384430105682,-0.18044889655454974,0.08530066759106701,0.007276203891481709,-0.3736691978206577,-0.4221050444922673,0.5874515148095302,148.48526391723794,0.1472711971942196,-0.07959055641745698,,,,,,,,
5,x,307.0,0.021374376713590094,0.0010066920547623654,0.02036768465882773,0.08474908135791409,0.007182406791010343,-0.3817003348200509,-0.40250097096454085,0.5880116386003564,47.287636621853885,0.12308306708645982,-0.028031559926443635,,,,,,,,
5,x,308.0,0.1858669837777743,0.0009782393428787797,0.18488874443489553,0.08653240818228232,0.00748785766582512,-0.3641773785201345,-0.4332931424962421,0.6055088587939891,20.403072964289983,0.13334174818112363,-0.07206220240463936,,,,,,,,
5,x,309.0,-0.3094625260800492,0.0009510083211715452,-0.31041353440122077,0.09173068291320678,0.008414518187723286,-0.4065377141960668,-0.41456794533430313,0.6306155364735719,204.5037112872328,-0.17388148553207222,0.706553116956035,,,,,,,,
5,x,310.0,-0.043489368553609534,0.0009256936623726839,-0.044415062215982216,0.0918053975015608,0.008428231010419587,-0.366749279224791,-0.41444051108361807,0.630579031024372,356.1361052607011,-0.16740335364429074,0.6930599197383338,,,,,,,,
5,x,311.0,0.2295992122435118,0.0009019735983632668,0.22869723864514852,0.09460913072706402,0.00895088761693069,-0.3666572703774575,-0.46025152369484845,0.6494542459289767,33.422865559879966,-0.08681888463617071,0.6456534009225858,,,,,,,,
5,x,312.0,-0.14176863203710494,0.0008801414491462762,-0.1426487734862512,0.09568543339228655,0.009155702163469706,-0.3888790472754353,-0.44732865570424823,0.6550699580491873,73.26448530639374,-0.0694905244048875,0.5283891995823911,,,,,,,,
5,x,313.0,0.028867599727241493,0.0008599499974850339,0.02800764972975646,0.09565259394376013,0.009149418728169859,-0.38853550385805746,-0.42614522844341474,0.6567570383984284,77.93965769793127,-0.06694080892104681,0.5329071432229455,,,,,,,,
5,x,314.0,0.18599127761587606,0.0008408739066905774,0.18515040370918548,0.09742431758909582,0.009491497657701006,-0.3758590806215151,-0.44392567375377157,0.6741242450650505,29.889388662109486,-0.05522843985103497,0.4203223244892538,,,,,,,,
5,x,315.0,-0.18770334677375367,0.0008232698142591405,-0.1885266165880128,0.09924692148859156,0.009849951424962656,-0.4002276235877533,-0.4411820492849022,0.6843866736086004,64.66416569240543,-0.07078930245329312,0.305901171450063,,,,,,,,
5,x,316.0,-0.042699039001037366,0.0008078817005591275,-0.043506920701596494,0.09919160764843102,0.009838975027880278,-0.38192583926605667,-0.44870672122466027,0.6808530868736107,59.85624824262017,-0.07350710618594145,0.31324731741880135,,,,,,,,
5,x,317.0,0.12722234919988631,0.0007929618986737841,0.12642938730121253,0.09981993963740157,0.009964020349214495,-0.38080094576854456,-0.45894569108749605,0.6863751240978164,42.81844154005174,-0.07369014094402664,0.25648752528953744,,,,,,,,
5,x,318.0,-0.1008271724107345,0.0007798262654449263,-0.10160699867617942,0.09994928809047103,0.009989860189791975,-0.3973922535121278,-0.44969735326300675,0.69152377017523,45.322975090509075,-0.07307232186085545,0.24378363889248517,,,,,,,,
5,x,319.0,-0.0827989903979623,0.000767646197936191,-0.0835666365958985,0.10007699062984847,0.010015404053526777,-0.3833269979950384,-0.45712886848807155,0.6926530325501933,48.94823262472678,-0.07061674128973829,0.22939291705304146,0.052533983712529646,0.11616887967770513,0.8312971366097652,0.005061443092222146,"{'sigma': 0.1500287174995339, 'lam': -3.1415924728896405}","{'sigma': 0.24797605042288318, 'mu': -0.9999988739419542, 'w0': 6.32898166469107, 'delta': 1.9999997701649919, 'psi': 0.1}",{'sigma': 0.04503428139912474},0.0015573671052991208
5,x,320.0,0.24882135773603883,0.000756926314767816,0.24806443142127102,0.10301009037060593,0.0106110787181604,-0.3908434411758561,-0.4659631373723678,0.7021346205465084,25.308399157867107,0.01809981581669667,0.22294413516259887,,,,,,,,
5,x,321.0,-0.06464836891907877,0.0007473613476320609,-0.06539573026671083,0.10322146441712202,0.010654670716415186,-0.39467785721519294,-0.45939111264044696,0.7041506233805412,29.113775106902843,0.030834662534555187,0.19831420360867683,,,,,,,,
5,x,322.0,-0.22915528201201643,0.0007384745115143383,-0.22989375652353078,0.10577094842127023,0.011187493529935007,-0.37165378161929186,-0.48978241427478447,0.7053182410960248,74.05828469147762,-0.01791332343597535,0.13431906259156748,,,,,,,,
5,x,323.0,0.1486900914002138,0.0007306437152175935,0.14795944768499622,0.10663197412287277,0.011370377905341008,-0.39376913988902007,-0.4913659506526122,0.7206469573089826,30.3926850342561,-0.04753378263895337,0.07212110428788818,,,,,,,,
5,x,324.0,0.054590192617649816,0.0007239742996572754,0.05386621831799254,0.10660215241634012,0.011364018899796609,-0.380875582003063,-0.4875096887703003,0.7141352752179605,23.160683869882984,-0.07617761445353306,0.0779942110423227,,,,,,,,
5,x,325.0,-0.13731005388028303,0.0007178687551333011,-0.13802792263541633,0.10734855008730529,0.011523711205846691,-0.3904219132823145,-0.49553563825818125,0.7236292761446944,41.31592683289405,-0.04240395053915714,0.015792188018159087,,,,,,,,
5,x,326.0,0.10666703587710519,0.0007122235518143079,0.10595481232529087,0.1074802397879404,0.011552001944873165,-0.39618709920217404,-0.48635146400869156,0.724634983860348,39.23614859377973,-0.042879440821898984,0.005179868848209168,,,,,,,,
5,x,327.0,-0.051248858438661254,0.0007078845278817378,-0.05195674296654299,0.10750995158034392,0.011558389688807895,-0.40113320446857204,-0.473630857486902,0.7197940482639134,40.2267563669647,-0.04141515675551119,0.0019019085279156898,,,,,,,,
5,x,328.0,-0.12006101313385285,0.0007042508244276387,-0.1207652639582805,0.1081106924019159,0.011687921811621675,-0.3907479417418391,-0.48430274912332916,0.7257044335283221,57.317876751687166,-0.03253198682182909,-0.050808638050417035,,,,,,,,
5,x,329.0,0.07253002614732534,0.000700964936058572,0.07182906121126677,0.10789082541788526,0.011640430209352596,-0.3907515921674415,-0.4905034590964599,0.7276381415557244,67.14529673046032,-0.029943559258560952,-0.031882625175963006,,,,,,,,
5,x,330.0,0.048002620038284566,0.0006986742244990615,0.047303945813785504,0.1076812807772392,0.011595258229826622,-0.3859188051522754,-0.49107977992553875,0.724652909920579,37.28376814763702,-0.06142965384614121,-0.008878938948228637,,,,,,,,
5,x,331.0,-0.2621329946946943,0.0006971103324716408,-0.26283010502716597,0.11082686568421525,0.012282594157387089,-0.3859960444937107,-0.49167323551521225,0.726474226194124,-6153.19062762791,-0.11533383281427867,-0.017072176166538656,,,,,,,,
5,x,332.0,0.19287963861285096,0.0006952678697412423,0.1921843707431097,0.11245963435417317,0.012647169359074324,-0.41008829281302206,-0.4765112529120217,0.7261044538924157,72.70946323040972,-0.10053554195860967,-0.09202668034430815,,,,,,,,
5,x,333.0,0.19936208390036328,0.0006952388323499432,0.19866684506801333,0.11418583462945871,0.013038404830026091,-0.36769276109877014,-0.4973605347092797,0.7240121583135531,30.605582327084996,-0.10019855548438464,-0.16464105675137466,,,,,,,,
5,x,334.0,-0.2992317948430934,,,,,,,,,,,,,,,,,,
5,x,335.0,0.050939085362043446,,,,,,,,,,,,,,,,,,
5,x,336.0,0.2523124454702259,,,,,,,,,,,,,,,,,,
5,x,337.0,-0.28997350283486895,,,,,,,,,,,,,,,,,,
5,x,338.0,-0.023362510727622868,,,,,,,,,,,,,,,,,,
5,x,339.0,0.16549082182552433,,,,,,,,,,,,,,,,,,
5,x,340.0,-0.07235944935658166,,,,,,,,,,,,,,,,,,
5,x,341.0,-0.12079538398559697,,,,,,,,,,,,,,,,,,
5,x,342.0,0.0966686530311471,,,,,,,,,,,,,,,,,,
5,x,343.0,-0.012696973899302305,,,,,,,,,,,,,,,,,,
5,x,344.0,-0.08946013443658264,,,,,,,,,,,,,,,,,,
5,x,345.0,0.12746580581022338,,,,,,,,,,,,,,,,,,
5,x,346.0,-0.026235804715164915,,,,,,,,,,,,,,,,,,
5,x,347.0,-0.09868057764377922,,,,,,,,,,,,,,,,,,
5,x,348.0,0.1433737721872551,,,,,,,,,,,,,,,,,,
5,x,349.0,0.15621412510414062,,,,,,,,,,,,,,,,,,
5,x,350.0,-0.294055420857069,,,,,,,,,,,,,,,,,,
5,x,351.0,0.1205587430786847,,,,,,,,,,,,,,,,,,
5,x,352.0,0.23357198538753862,,,,,,,,,,,,,,,,,,
5,x,353.0,-0.21295333058980917,,,,,,,,,,,,,,,,,,
5,x,354.0,-0.0504659849669911,,,,,,,,,,,,,,,,,,
5,x,355.0,0.31020659868189476,,,,,,,,,,,,,,,,,,
5,x,356.0,-0.26537017569125565,,,,,,,,,,,,,,,,,,
5,x,357.0,-0.052377181584315285,,,,,,,,,,,,,,,,,,
5,x,358.0,0.3232331928150558,,,,,,,,,,,,,,,,,,
5,x,359.0,-0.2049598362557354,,,,,,,,,,,,,,,,,,
5,x,360.0,0.022468046232145135,,,,,,,,,,,,,,,,,,
5,x,361.0,0.2862407753614556,,,,,,,,,,,,,,,,,,
5,x,362.0,-0.22634337342675112,,,,,,,,,,,,,,,,,,
5,x,363.0,-0.165530723176401,,,,,,,,,,,,,,,,,,
5,x,364.0,0.38670909545918175,,,,,,,,,,,,,,,,,,
5,x,365.0,-0.22360033196419607,,,,,,,,,,,,,,,,,,
5,x,366.0,-0.09653031451689315,,,,,,,,,,,,,,,,,,
5,x,367.0,0.2701684178252925,,,,,,,,,,,,,,,,,,
5,x,368.0,-0.18925350412253403,,,,,,,,,,,,,,,,,,
5,x,369.0,-0.15836301032329897,,,,,,,,,,,,,,,,,,
5,x,370.0,0.33710253971177634,,,,,,,,,,,,,,,,,,
5,x,371.0,-0.054642987939887915,,,,,,,,,,,,,,,,,,
5,x,372.0,-0.2747771030343705,,,,,,,,,,,,,,,,,,
5,x,373.0,0.26798398778903126,,,,,,,,,,,,,,,,,,
5,x,374.0,0.04294389647617639,,,,,,,,,,,,,,,,,,
5,x,375.0,-0.278382023912072,,,,,,,,,,,,,,,,,,
5,x,376.0,0.15541217834673762,,,,,,,,,,,,,,,,,,
5,x,377.0,0.19855678253611353,,,,,,,,,,,,,,,,,,
5,x,378.0,-0.26428235479218704,,,,,,,,,,,,,,,,,,
5,x,379.0,-0.024778077924458325,,,,,,,,,,,,,,,,,,
5,x,380.0,0.21988816380837745,,,,,,,,,,,,,,,,,,
5,x,381.0,-0.2722648858488075,,,,,,,,,,,,,,,,,,
5,x,382.0,0.07630016402974152,,,,,,,,,,,,,,,,,,
5,x,383.0,0.2536215247207174,,,,,,,,,,,,,,,,,,
5,x,384.0,-0.3545982826041212,,,,,,,,,,,,,,,,,,
5,x,385.0,0.08770363452730441,,,,,,,,,,,,,,,,,,
5,x,386.0,0.37729078523180537,,,,,,,,,,,,,,,,,,
5,x,387.0,-0.3859295203595438,,,,,,,,,,,,,,,,,,
5,x,388.0,-0.12961224745319802,,,,,,,,,,,,,,,,,,
5,x,389.0,0.3814430327612132,,,,,,,,,,,,,,,,,,
5,x,390.0,-0.21707841729995137,,,,,,,,,,,,,,,,,,
5,x,391.0,-0.20288927666729129,,,,,,,,,,,,,,,,,,
5,x,392.0,0.4338915466217141,,,,,,,,,,,,,,,,,,
5,x,393.0,-0.19431578211424408,,,,,,,,,,,,,,,,,,
5,x,394.0,-0.23192630710236292,,,,,,,,,,,,,,,,,,
5,x,395.0,0.4791124062028807,,,,,,,,,,,,,,,,,,
5,x,396.0,-0.06158637466336699,,,,,,,,,,,,,,,,,,
5,x,397.0,-0.4226907887076037,,,,,,,,,,,,,,,,,,
5,x,398.0,0.3426025566701224,,,,,,,,,,,,,,,,,,
5,x,399.0,0.0554296961972903,,,,,,,,,,,,,,,,,,
5,y,0.0,0.03413561944990554,0.004006669405598102,0.03012895004430744,,,,,,,,,,,,,,,,
5,y,1.0,-0.0043397125513234755,0.004006004778923212,-0.008345717330246687,,,,,,,,,,,,,,,,
5,y,2.0,0.023291451463501766,0.004004627869756435,0.019286823593745332,,,,,,,,,,,,,,,,
5,y,3.0,0.02254423771028848,0.004002867624460078,0.0185413700858284,,,,,,,,,,,,,,,,
5,y,4.0,-0.016293672957924662,0.004000936586213901,-0.020294609544138562,,,,,,,,,,,,,,,,
5,y,5.0,0.0017863781664569393,0.003998096300786896,-0.0022117181343299566,,,,,,,,,,,,,,,,
5,y,6.0,0.001969773478954053,0.003994590822895924,-0.0020248173439418714,,,,,,,,,,,,,,,,
5,y,7.0,0.05843616530537916,0.003990518383588923,0.054445646921790235,,,,,,,,,,,,,,,,
5,y,8.0,-0.047586622953810026,0.00398608272867697,-0.051572705682486994,,,,,,,,,,,,,,,,
5,y,9.0,0.000218513087048019,0.003981440772529435,-0.0037629276854814157,,,,,,,,,,,,,,,,
5,y,10.0,0.003447879054607113,0.003975703522040471,-0.0005278244674333582,,,,,,,,,,,,,,,,
5,y,11.0,0.06302402598085932,0.00396990416004995,0.05905412182080937,,,,,,,,,,,,,,,,
5,y,12.0,-0.0238837281118727,0.003964149132193132,-0.02784787724406583,,,,,,,,,,,,,,,,
5,y,13.0,0.027970326627847434,0.003957955240451955,0.024012371387395478,,,,,,,,,,,,,,,,
5,y,14.0,-0.02190757285431061,0.003951737906912686,-0.025859310761223296,,,,,,,,,,,,,,,,
5,y,15.0,0.030774479994906404,0.003944916235602248,0.026829563759304155,,,,,,,,,,,,,,,,
5,y,16.0,0.021891279009679035,0.0039376373482524485,0.017953641661426586,,,,,,,,,,,,,,,,
5,y,17.0,0.021741843816740575,0.003930708640611497,0.01781113517612908,,,,,,,,,,,,,,,,
5,y,18.0,0.007422527304205499,0.003923830784050859,0.0034986965201546406,,,,,,,,,,,,,,,,
5,y,19.0,0.016617822502501718,0.003916327334340141,0.012701495168161577,,,,,,,,,,,,,,,,
5,y,20.0,-0.009982060360031134,0.003909143580248795,-0.013891203940279928,,,,,,,,,,,,,,,,
5,y,21.0,-0.0182075200979853,0.0039020150580850507,-0.02210953515607035,,,,,,,,,,,,,,,,
5,y,22.0,-0.06416011335828259,0.0038949234040476085,-0.0680550367623302,,,,,,,,,,,,,,,,
5,y,23.0,0.03315542216595584,0.003888151416199746,0.029267270749756095,,,,,,,,,,,,,,,,
5,y,24.0,-0.01861426054791992,0.0038814857435095313,-0.02249574629142945,,,,,,,,,,,,,,,,
5,y,25.0,-0.024520294166241415,0.003875343019510248,-0.028395637185751662,,,,,,,,,,,,,,,,
5,y,26.0,-0.029506708306076466,0.0038694157369505507,-0.03337612404302702,,,,,,,,,,,,,,,,
5,y,27.0,-0.014453270122223768,0.003863280273492356,-0.018316550395716124,,,,,,,,,,,,,,,,
5,y,28.0,-0.006747314357233338,0.003857587821050761,-0.010604902178284099,,,,,,,,,,,,,,,,
5,y,29.0,-0.018290755153292516,0.003852947304687138,-0.022143702457979655,,,,,,,,,,,,,,,,
5,y,30.0,0.035234727575448516,0.0038478940045685054,0.03138683357088001,,,,,,,,,,,,,,,,
5,y,31.0,0.013189307547274445,0.0038436319822346505,0.009345675565039794,,,,,,,,,,,,,,,,
5,y,32.0,-0.017437058496804044,0.0038398123152092855,-0.021276870812013328,,,,,,,,,,,,,,,,
5,y,33.0,-0.0033539201964603704,0.0038361951193561362,-0.007190115315816507,,,,,,,,,,,,,,,,
5,y,34.0,0.04457995179015251,0.003832641506357939,0.04074731028379457,,,,,,,,,,,,,,,,
5,y,35.0,0.02359349352497763,0.0038295950145469356,0.019763898510430696,,,,,,,,,,,,,,,,
5,y,36.0,0.03748590499201626,0.0038278377121071356,0.033658067279909124,,,,,,,,,,,,,,,,
5,y,37.0,-0.027912383605898688,0.0038256175853581703,-0.03173800119125686,,,,,,,,,,,,,,,,
5,y,38.0,-0.031561601215897836,0.003824155432729512,-0.03538575664862735,,,,,,,,,,,,,,,,
5,y,39.0,0.019680463135687287,0.0038230419766172113,0.015857421159070077,,,,,,,,,,,,,,,,
5,y,40.0,0.0023201625953404043,0.0038221973464395765,-0.0015020347510991722,,,,,,,,,,,,,,,,
5,y,41.0,-0.020723200068618226,0.003822044968332072,-0.024545245036950297,,,,,,,,,,,,,,,,
5,y,42.0,-0.034114830186889857,0.0038215922379441006,-0.03793642242483396,,,,,,,,,,,,,,,,
5,y,43.0,0.00756258806739528,0.003821739244386262,0.003740848823009018,,,,,,,,,,,,,,,,
5,y,44.0,0.026614468362494738,0.0038220555809669672,0.02279241278152777,,,,,,,,,,,,,,,,
5,y,45.0,-0.016071000744352325,0.003822682233565499,-0.019893682977917822,,,,,,,,,,,,,,,,
5,y,46.0,0.08635479162649012,0.0038234824972539945,0.08253130912923613,,,,,,,,,,,,,,,,
5,y,47.0,-0.04176480096110815,0.0038243810761644514,-0.0455891820372726,,,,,,,,,,,,,,,,
5,y,48.0,-0.029029212177783478,0.00382485619225038,-0.03285406837003386,,,,,,,,,,,,,,,,
5,y,49.0,0.029601276441291756,0.003825593472053477,0.025775682969238278,,,,,,,,,,,,,,,,
5,y,50.0,0.02487950674954664,0.0038259077398998995,0.02105359900964674,,,,,,,,,,,,,,,,
5,y,51.0,0.06981806563155322,0.0038265747744402837,0.06599149085711294,,,,,,,,,,,,,,,,
5,y,52.0,-0.038078127502310585,0.0038262507709133186,-0.0419043782732239,,,,,,,,,,,,,,,,
5,y,53.0,-0.048898255251152406,0.003826513551131645,-0.05272476880228405,,,,,,,,,,,,,,,,
5,y,54.0,-0.027020098794511477,0.0038259241458043535,-0.03084602294031583,,,,,,,,,,,,,,,,
5,y,55.0,-0.010772918162301491,0.0038252429411468826,-0.014598161103448373,,,,,,,,,,,,,,,,
5,y,56.0,-0.04841852719259805,0.0038236087003484104,-0.05224213589294646,,,,,,,,,,,,,,,,
5,y,57.0,0.0684565210599888,0.0038213222297484965,0.0646351988302403,,,,,,,,,,,,,,,,
5,y,58.0,0.05467290853605637,0.003818900726337735,0.05085400780971864,,,,,,,,,,,,,,,,
5,y,59.0,0.02523811039801381,0.003815815903750479,0.021422294494263333,,,,,,,,,,,,,,,,
5,y,60.0,-0.002424040455184984,0.00381170557193998,-0.006235746027124964,,,,,,,,,,,,,,,,
5,y,61.0,-0.013596726444421513,0.003806861344365793,-0.017403587788787308,,,,,,,,,,,,,,,,
5,y,62.0,0.06498379297156762,0.0038008746489097134,0.0611829183226579,,,,,,,,,,,,,,,,
5,y,63.0,0.0016815153562687807,0.003793972814973528,-0.0021124574587047472,,,,,,,,,,,,,,,,
5,y,64.0,-0.008810177215547096,0.003786506151568085,-0.012596683367115181,,,,,,,,,,,,,,,,
5,y,65.0,-0.022448783297197905,0.0037776025034178874,-0.026226385800615794,,,,,,,,,,,,,,,,
5,y,66.0,0.0330464968765328,0.003767646322674191,0.029278850553858607,,,,,,,,,,,,,,,,
5,y,67.0,0.005986650417978202,0.0037567863627248795,0.0022298640552533226,,,,,,,,,,,,,,,,
5,y,68.0,0.023776118653176397,0.0037441088231953542,0.020032009829981042,,,,,,,,,,,,,,,,
5,y,69.0,-0.04875701215421058,0.003730784464383678,-0.052487796618594255,,,,,,,,,,,,,,,,
5,y,70.0,-0.01532639410991216,0.0037161283420573134,-0.01904252245196947,,,,,,,,,,,,,,,,
5,y,71.0,0.06430185950662748,0.0036995890499425172,0.06060227045668496,,,,,,,,,,,,,,,,
5,y,72.0,0.01156337552280233,0.0036819925997242505,0.007881382923078079,,,,,,,,,,,,,,,,
5,y,73.0,0.019381484222113554,0.003663420210127796,0.015718064011985756,,,,,,,,,,,,,,,,
5,y,74.0,-0.0006742978351321699,0.0036425871604744554,-0.004316884995606625,,,,,,,,,,,,,,,,
5,y,75.0,-0.024631437047828313,0.0036205705505941584,-0.02825200759842247,,,,,,,,,,,,,,,,
5,y,76.0,-0.030629016060353818,0.0035972982455925767,-0.034226314305946394,,,,,,,,,,,,,,,,
5,y,77.0,0.015148403314773538,0.003572439800878073,0.011575963513895466,,,,,,,,,,,,,,,,
5,y,78.0,0.03212189159526273,0.003546172093055979,0.028575719502206748,,,,,,,,,,,,,,,,
5,y,79.0,-0.0028847275564039643,0.003518313437653853,-0.006403040994057817,,,,,,,,,,,,,,,,
5,y,80.0,0.03842011445222834,0.0034894456953544995,0.034930668756873846,,,,,,,,,,,,,,,,
5,y,81.0,-0.0823037855834266,0.0034592180525941747,-0.08576300363602078,,,,,,,,,,,,,,,,
5,y,82.0,0.03740280948838971,0.003427207967888401,0.03397560152050131,,,,,,,,,,,,,,,,
5,y,83.0,-0.022509284184481466,0.0033936582873821774,-0.025902942471863644,,,,,,,,,,,,,,,,
5,y,84.0,0.004777871021594399,0.0033592267505411014,0.001418644271053298,,,,,,,,,,,,,,,,
5,y,85.0,0.023462611068788285,0.0033228772255958364,0.02013973384319245,,,,,,,,,,,,,,,,
5,y,86.0,0.06923267644221463,0.0032854614981096923,0.06594721494410494,,,,,,,,,,,,,,,,
5,y,87.0,-0.048797487959158344,0.0032469339746693973,-0.05204442193382774,,,,,,,,,,,,,,,,
5,y,88.0,0.014954349530261965,0.003206580577041928,0.011747768953220036,,,,,,,,,,,,,,,,
5,y,89.0,-0.009085601629592238,0.0031656594824519186,-0.012251261112044156,,,,,,,,,,,,,,,,
5,y,90.0,0.018641200247811882,0.003122991548727246,0.015518208699084636,,,,,,,,,,,,,,,,
5,y,91.0,-0.011427320842490946,0.0030793277979697495,-0.014506648640460695,,,,,,,,,,,,,,,,
5,y,92.0,0.06966670767032163,0.0030349548272684762,0.06663175284305314,,,,,,,,,,,,,,,,
5,y,93.0,-0.05201452715608833,0.0029896012041500672,-0.055004128360238394,,,,,,,,,,,,,,,,
5,y,94.0,0.05564571815980047,0.0029423537576786915,0.052703364402121776,,,,,,,,,,,,,,,,
5,y,95.0,0.02577280287618456,0.002894604686575688,0.022878198189608873,,,,,,,,,,,,,,,,
5,y,96.0,0.008339296452916605,0.0028459181571477083,0.0054933782957688965,,,,,,,,,,,,,,,,
5,y,97.0,0.038581870499467694,0.0027961594022265614,0.03578571109724113,,,,,,,,,,,,,,,,
5,y,98.0,-0.10546097515036823,0.0027456290887868926,-0.10820660423915512,,,,,,,,,,,,,,,,
5,y,99.0,0.07648600389451202,0.002694128413968576,0.07379187548054345,0.036189703632972005,0.0013096946490423471,-0.2580606002131654,0.034273574311282175,-0.19711910324680165,7.6084017469099186,-0.09696996893589885,0.11016392450026147,3.441826762647394e-09,0.9996332596587352,0.00036673689943781545,0.0005139285446574214,"{'sigma': 0.05695604824591026, 'lam': -3.141592645235741}","{'sigma': 0.08176641146213326, 'mu': -0.8668228159435686, 'w0': 5.752442085536838, 'delta': 1.9999775840621754, 'psi': 0.1}",{'sigma': 0.01677388211874427},0.00010278570893148428
5,y,100.0,0.051012592512006974,0.0026421007280745933,0.04837049178393238,0.03638315904059338,0.0013237342617731119,-0.2226072793890445,-0.012395039925651863,-0.1859165289055554,7.386971723966235,-0.09337461768254905,0.07067527393804106,,,,,,,,
5,y,101.0,-0.005450457502923616,0.0025892469689599894,-0.008039704471883605,0.036382357243805646,0.0013236759186158974,-0.22301895550219972,-0.016089149541808616,-0.1707885255333824,7.403505137731582,-0.09362077565577642,0.0709806278977892,,,,,,,,
5,y,102.0,0.04150537081762799,0.0025357466441478854,0.03896962417348011,0.03653386847824914,0.001334723545986006,-0.22732344329274423,0.0007445265186870872,-0.1447141845096457,7.168639380910932,-0.09884753492301536,0.03241313603755485,,,,,,,,
5,y,103.0,-0.04767645879909213,0.002481809797279571,-0.0501582685963717,0.03685362625008632,0.0013581897677810513,-0.2362928784136931,0.004719517783044771,-0.1602745078720495,8.386995450085715,-0.068547769486156,-0.04144209750204969,,,,,,,,
5,y,104.0,0.028621426379357877,0.0024268587201641888,0.026194567659193688,0.03687861006831232,0.0013600318805706269,-0.24393782517688176,0.011295798955500772,-0.1548792026636876,7.614371201070759,-0.10170055212198048,-0.04408631985466985,,,,,,,,
5,y,105.0,-0.07037116641995302,0.0023714326333958906,-0.0727425990533489,0.0376120872895564,0.00141466911027721,-0.2521486948238517,0.04028397146970539,-0.17469488720577941,9.125349218217261,-0.11682770949508486,-0.12593160643997509,,,,,,,,
5,y,106.0,-0.006514190338214474,0.002315634928342582,-0.008829825266557057,0.037622884646292036,0.0014154814491081971,-0.243835936897276,0.03767551900142851,-0.16945551911017867,9.319803751346095,-0.11134498650417811,-0.13015533524843412,,,,,,,,
5,y,107.0,0.024358360519786643,0.0022593585368546167,0.022099001982932027,0.03729153474875047,0.001390658563917264,-0.2291651192873638,0.027360036580991096,-0.16605931113610467,10.089435747752878,-0.11706104101118014,-0.07410494547301184,,,,,,,,
5,y,108.0,-0.03272296252860637,0.0022024522902914763,-0.03492541481889785,0.03709506385373545,0.00137604376231271,-0.23731048311327593,0.029463112314960238,-0.12348192342618469,9.64827896806328,-0.11346470774733323,-0.03957330181290532,,,,,,,,
5,y,109.0,-0.11052595909892804,0.002145318413111298,-0.11267127751203934,0.0387759283512535,0.0015035726195015448,-0.19802203941137322,0.013073414199914752,-0.11164253790002047,14.165814366448714,-0.2681544576152769,0.20099075379805947,,,,,,,,
5,y,110.0,0.03373803074407406,0.0020878027530144287,0.03165022799105963,0.03891147386008669,0.00151410279796421,-0.21577200593732448,0.004554456816371329,-0.10604444475180863,12.799024660829879,-0.2847002884537425,0.1698907924452921,,,,,,,,
5,y,111.0,0.049600820979694156,0.0020293182889630206,0.047571502690731134,0.038750636459291415,0.001501611826000165,-0.19469428585151208,-0.04267159841208122,-0.1078485815135571,13.33488982065034,-0.2969106410194526,0.18627175119727885,,,,,,,,
5,y,112.0,-0.04961700056985314,0.0019715466366504153,-0.051588547206503556,0.038991286858256646,0.0015203204508628576,-0.2043521432257207,-0.05821222341244099,-0.058722285311152464,14.721327254949147,-0.29234770758978307,0.12725069337002468,,,,,,,,
5,y,113.0,-0.025140714397529386,0.001913202161065813,-0.0270539165585952,0.03899706177593419,0.0015207708271560275,-0.19005913992063792,-0.07099440746834407,-0.06760872446343548,18.41642443988761,-0.25792793228075883,0.11061097235363572,,,,,,,,
5,y,114.0,0.013223545966876202,0.0018540278833526916,0.01136951808352351,0.038938277127996905,0.0015161894256966867,-0.1879596382862565,-0.07167167374372742,-0.05970936268131847,15.771977593681406,-0.2854350088247449,0.13921907562740257,,,,,,,,
5,y,115.0,0.047060768271565016,0.001795112663631318,0.0452656556079337,0.03911446205897658,0.0015299411421631185,-0.18691857054446362,-0.08288721371320143,-0.07570076431700101,14.862871537556693,-0.2827024772258548,0.10499237945871762,,,,,,,,
5,y,116.0,-0.03074439951071678,0.001735674314369177,-0.032480073825085956,0.03919549436688908,0.0015362867786648333,-0.1974025598511011,-0.08595825580430846,-0.07194022213015658,18.617245258485678,-0.2481381760205893,0.06830368514632516,,,,,,,,
5,y,117.0,-0.031304247183368515,0.001675854950911477,-0.032980102134279994,0.03927451743243698,0.0015424877195507958,-0.19060121498159352,-0.09664054573734204,-0.07292316976084957,24.938232326886823,-0.2136536356847595,0.034313095832566635,,,,,,,,
5,y,118.0,0.0900639787617959,0.0016166010398000084,0.08844737772199589,0.04029560081560201,0.0016237354450903453,-0.20373222971580532,-0.11148800436831935,-0.04300309305908331,16.78084013295321,-0.14661683536958653,0.009166172988234812,,,,,,,,
5,y,119.0,0.004171784099980445,0.0015567328533179145,0.002615051246662531,0.04027371321309297,0.0016219719759704592,-0.1955988958130701,-0.1100776611362294,-0.037884246090706876,17.68853458072255,-0.13958316791121217,0.014278812939822987,3.6368057142455665e-06,0.320323457673978,0.6796729055203078,0.00025362195595157716,"{'sigma': 0.0660983799951149, 'lam': -3.141592235870271}","{'sigma': 0.02301709340432012, 'mu': -0.5996439125075035, 'w0': 2.5958505635156444, 'delta': 2.946998201025508e-11, 'psi': 0.1}",{'sigma': 0.01968740170573196},0.0001193515086830952
5,y,120.0,-0.03526690415381865,0.0014967905545396516,-0.0367636947083583,0.04041210999625618,0.001633138634349509,-0.1976825899797403,-0.13425963033664468,-0.028021928716377507,19.966680096729466,-0.12761290252293608,-0.024842886780389862,,,,,,,,
5,y,121.0,0.047719508358513844,0.001437132989289271,0.046282375369224575,0.04063406663893267,0.001651127371617221,-0.21801038026542605,-0.128926429744335,-0.003745196386672991,15.143613584741837,-0.15914821403440285,-0.06258860672837632,,,,,,,,
5,y,122.0,-0.08207132731010654,0.0013773250501911668,-0.0834486523602977,0.04092037407634413,0.0016744770145479366,-0.2271612518786319,-0.11822543484988099,-0.017228375970513382,16.341117621180647,-0.1836951893021854,-0.048366714833492266,,,,,,,,
5,y,123.0,0.007415628097940209,0.0013169198623919282,0.006098708235548281,0.04081418158790657,0.0016657974186906116,-0.22290052805662863,-0.11094454545339891,-0.012586345432813617,18.165975789403358,-0.17180503457874197,-0.023951940371386787,,,,,,,,
5,y,124.0,0.10099869696007689,0.0012572365922651223,0.09974146036781177,0.04197710583046621,0.0017620774139021603,-0.21668443984012753,-0.15936847239437152,0.013410708188405375,12.192484693239095,-0.10332465083307045,0.011890017486725505,,,,,,,,
5,y,125.0,-0.09632644992281694,0.0011969228002542299,-0.09752337272307117,0.04301001820165877,0.0018498616657070188,-0.2661849345930273,-0.16246197044855457,0.058342182510558456,15.784618646261453,-0.1648767490903877,-0.004046483793932163,,,,,,,,
5,y,126.0,-0.02847818615214484,0.0011372647288744385,-0.02961545088101928,0.042982569424985406,0.00184750127437369,-0.24712795563654277,-0.17654753429605363,0.05307295425247623,15.715225311743087,-0.16645766522913982,0.003032410095702915,,,,,,,,
5,y,127.0,0.04116195189794197,0.0010774737992344393,0.040084478098707535,0.04313327626979049,0.001860479521766071,-0.25324835054537287,-0.195185281956511,0.07717386470496379,13.105466523901748,-0.19690409616198234,-0.022060630540972067,,,,,,,,
5,y,128.0,0.03993433719265916,0.0010174864534178278,0.03891685073924133,0.043292241307637744,0.0018742181574387356,-0.2445626273611148,-0.19891472519977094,0.05468141265591588,11.519838889319798,-0.22221631727121252,-0.0503252074692347,,,,,,,,
5,y,129.0,-0.07750347732357749,0.0009582841319200387,-0.07846176145549752,0.04395329955455671,0.001931892541732595,-0.2528812310409158,-0.2107996065773992,0.06381456917401838,13.883208510682858,-0.2318219783277218,-0.13072939322427124,,,,,,,,
5,y,130.0,-0.011083244065380768,0.0008996233142873401,-0.011982867379668107,0.04385540506158168,0.0019232965531154036,-0.24608595644494546,-0.20960902376280363,0.06233247519858639,16.226199839742357,-0.20705928405084376,-0.11605723933566726,,,,,,,,
5,y,131.0,0.045939785358985914,0.0008406338357101686,0.045099151523275746,0.04408021513297484,0.0019430653661693437,-0.24672241645499754,-0.22334526337088118,0.0693891438282462,14.54668977122719,-0.21756680980657747,-0.1573175251276858,,,,,,,,
5,y,132.0,-0.009666420380121617,0.0007817856422596838,-0.0104482060223813,0.04404062325868924,0.0019395764970137994,-0.24899182915297677,-0.21928262208069546,0.07487883712850128,14.170249582143006,-0.22465246217397797,-0.14503805466690492,,,,,,,,
5,y,133.0,0.03924172671695418,0.0007241564985375544,0.038517570218416626,0.04420067819629389,0.0019536999530123302,-0.24963204204212155,-0.207694583047919,0.07362922605068713,12.50754809693688,-0.24708428506855729,-0.17145618749190208,,,,,,,,
5,y,134.0,-0.05704482164948936,0.0006661614872348065,-0.05771098313672417,0.04439345763962088,0.0019707790812008136,-0.2634657026524657,-0.21149726134230737,0.06626922318371269,17.632736735818902,-0.20695394623375302,-0.21937008658320178,,,,,,,,
5,y,135.0,0.025522015193634753,0.0006088010711078468,0.024913214122526905,0.044420046432574675,0.0019731405250720904,-0.2729201710993433,-0.2027147417983756,0.06875251643557967,17.50917837105706,-0.20918893235970573,-0.22456807981447569,,,,,,,,
5,y,136.0,-0.05429141885494805,0.0005529261492419051,-0.05484434500418996,0.04461712912150618,0.001990688211045155,-0.2735545763537749,-0.1785416602620162,0.054328838593464615,27.555308090292797,-0.16905149035266434,-0.27110078498510065,,,,,,,,
5,y,137.0,0.05771189862755784,0.0004966602295013499,0.057215238398056485,0.044888473746670536,0.00201497507530553,-0.2920207979142661,-0.1672033046131374,0.0364835635396857,18.13362583533132,-0.20069686314024232,-0.29612708434547297,,,,,,,,
5,y,138.0,0.10310502752592657,0.00044174743411844555,0.10266328009180813,0.045910662327393596,0.0021077889153399577,-0.25162946983352175,-0.19014721874076004,0.044163904709803116,12.011914520742748,-0.15870497115788007,-0.25473345512831114,,,,,,,,
5,y,139.0,-0.05772125005524066,0.00038804187382889205,-0.05810929192906955,0.04626415076784597,0.0021403716462699827,-0.27179006872797695,-0.2019736084027245,0.06273870684409097,15.17814607017649,-0.1280362150317738,-0.32206761259182715,5.443642457710313e-12,0.9999996139362408,3.8605831539750757e-07,0.00022251680114529138,"{'sigma': 0.07512434112555398, 'lam': -3.141592306812883}","{'sigma': 0.023857039199494556, 'mu': -0.5162738986059345, 'w0': 2.2349428773912474, 'delta': 1.0343571554827236e-09, 'psi': 0.1}",{'sigma': 0.02244051877703076},0.00014834453409686096
5,y,140.0,0.02849936448911479,0.00033416785980486003,0.02816519662930993,0.04634746512907898,0.002148087523891192,-0.27738036674552774,-0.1842498982929716,0.06975779224831874,14.00281143449487,-0.14470391157734752,-0.3369418181535991,,,,,,,,
5,y,141.0,0.008132227546560246,0.0002817006245847272,0.007850526921975519,0.04628306335858593,0.0021421219538548795,-0.28202930565474704,-0.18453698855560202,0.07403224830700546,12.86204141095399,-0.16504259288384987,-0.31799964945084586,,,,,,,,
5,y,142.0,-0.026419177649368426,0.00023062900596770484,-0.02664980665533613,0.046201015482268404,0.0021345338315928047,-0.28291844597356786,-0.18431505576771726,0.0775380576486306,12.5704073261287,-0.16945814342763726,-0.3005599928152557,,,,,,,,
5,y,143.0,-0.01465318325416335,0.00018096381085812258,-0.014834147065021473,0.04622739084878453,0.0021369716646862874,-0.2807678527675105,-0.18462553958884997,0.07557969346166626,13.386743087462467,-0.15728726208036137,-0.30951375631613437,,,,,,,,
5,y,144.0,-0.004111418730666286,0.00013175329336303522,-0.004243172024029321,0.04617683779222468,0.0021323003484894293,-0.27867736737419857,-0.19550682626200203,0.08071300967862577,14.67812598513657,-0.14100010377389394,-0.3015058565588902,,,,,,,,
5,y,145.0,-0.012743348933792312,8.408492133437444e-05,-0.012827433855126687,0.04615058017525042,0.0021298760505122174,-0.27492226328002745,-0.2001279167656147,0.07923741201994393,14.516233627742322,-0.14528036326127486,-0.29457537165883885,,,,,,,,
5,y,146.0,0.01174034401713326,3.830067427202169e-05,0.011702043342861238,0.04541905818318641,0.002062890846247672,-0.26291751489068815,-0.19061805229368695,0.06951522992998148,18.667196228401696,-0.16489872912642362,-0.23542667136959783,,,,,,,,
5,y,147.0,0.0995107258426552,-6.349100599767777e-06,0.09951707494325497,0.04625966561817506,0.0021399566631053676,-0.260767330044604,-0.18805801119662963,0.07065259544293107,12.028463078219158,-0.1395189849061118,-0.20533588921850368,,,,,,,,
5,y,148.0,0.07078991227353049,-4.93302091065372e-05,0.07083924248263702,0.046644652799313346,0.0021757236347684904,-0.2172727272141495,-0.1797542624418922,0.07669234770679018,9.629284668172843,-0.16606932243265626,-0.2376851230317356,,,,,,,,
5,y,149.0,-0.0019527577502512568,-8.968045477506425e-05,-0.0018630772954761924,0.04658681451737022,0.0021703312868758566,-0.21869313007304622,-0.18673903969377487,0.08230992277864807,10.287469244068337,-0.14983097714215804,-0.22808037799373473,,,,,,,,
5,y,150.0,-0.003235454110800566,-0.00012869593746866554,-0.0031067581733319003,0.04655047878602278,0.002166947075207957,-0.22666167932820752,-0.1831851617709546,0.0839208139421675,10.959884114600705,-0.13499778827399492,-0.2225039225602078,,,,,,,,
5,y,151.0,0.002388340560081887,-0.00016656147240605397,0.002554902032487941,0.046098559313443976,0.0021250771707751123,-0.21658656586514272,-0.1693950361859745,0.09443717556461215,12.901724351697636,-0.12455389285972072,-0.15667024308356856,,,,,,,,
5,y,152.0,0.03794988660949209,-0.0002011276254642177,0.03815101423495631,0.04603604088196095,0.00211931706008558,-0.22975835577070397,-0.17790390931640945,0.09038846236031003,10.623699474347353,-0.16449717952408893,-0.13460022486586434,,,,,,,,
5,y,153.0,-0.052571327581140595,-0.0002335055208931864,-0.05233782206024741,0.046031403433455825,0.0021188901020535687,-0.24798474926223138,-0.18276118932763985,0.07765729850317067,10.713439827202405,-0.16443830257010458,-0.13395307930733497,,,,,,,,
5,y,154.0,-0.004192688195528746,-0.0002641594652315123,-0.003928528730297234,0.04591542135547586,0.0021082259182508886,-0.2480511769239267,-0.1941648791612857,0.08873106870367209,10.147328833744478,-0.1798531291975296,-0.10260610037121264,,,,,,,,
5,y,155.0,-0.042645476099355734,-0.00029146036291118765,-0.042354015736444546,0.04610246913837909,0.0021254376606551968,-0.25190724704898093,-0.17649666649950987,0.08513675591895425,10.960723355480631,-0.1681323865629058,-0.1459921757752233,,,,,,,,
5,y,156.0,-0.07643953372153993,-0.0003165530005612569,-0.07612298072097867,0.0464472623536537,0.0021573481801491364,-0.2178959757907828,-0.1604804290135124,0.11025773033416797,11.830858020112885,-0.1813840951177481,-0.1704157974277061,,,,,,,,
5,y,157.0,0.06916833213857287,-0.0003391108959269159,0.0695074430344998,0.046516301045123915,0.002163766262920596,-0.2556590784895305,-0.1805317367507356,0.10994354054768384,11.826999786016467,-0.17741227366516205,-0.1745451015768854,,,,,,,,
5,y,158.0,0.01811758071811899,-0.00035871866630837805,0.018476299384427367,0.046284151661602824,0.002142222695034251,-0.2535789609735258,-0.18344035142173937,0.11088739263676749,12.973808847771165,-0.17040877923817685,-0.1340896146224293,,,,,,,,
5,y,159.0,-0.040106766195019156,-0.00037530124952936286,-0.03973146494548979,0.04642295207683607,0.0021550904795282185,-0.25527123750045805,-0.19246381484553504,0.11914398630885673,15.930688776020702,-0.1366195402839051,-0.17155925127019636,5.987333834273312e-14,0.9999999989254131,1.0745269849896415e-09,0.0012500792870287325,"{'sigma': 0.07861848262846588, 'lam': -3.141592528937795}","{'sigma': 0.025596835161898257, 'mu': -0.5205531142838336, 'w0': 2.253467546498898, 'delta': 2.0897591435087293e-09, 'psi': 0.1}",{'sigma': 0.023532831575735796},0.00020834654783812205
5,y,160.0,0.030612485408689105,-0.00038899812661236707,0.031001483535301473,0.04651394432643086,0.0021635470168023096,-0.26032902826153276,-0.1890068896830182,0.12731572843857888,14.33658302733458,-0.15751056244270675,-0.18764738972269548,,,,,,,,
5,y,161.0,-0.054246181095762916,-0.00039981076836805246,-0.053846370327394866,0.04680403888096175,0.002190618055570579,-0.2627440120786047,-0.176842109639129,0.12093245377659448,16.492323306798976,-0.1469879575099035,-0.24371674676988653,,,,,,,,
5,y,162.0,-0.050160873815510876,-0.00040712511639057094,-0.049753748699120304,0.04667682989577128,0.0021787264491187675,-0.2482478866286211,-0.18042959151129112,0.13817872096807934,27.677038312538155,-0.11077857526724355,-0.24186890383724685,,,,,,,,
5,y,163.0,0.08094263018166428,-0.0004115898090543958,0.08135421999071868,0.047382251058180266,0.0022450777153404248,-0.26182522027694494,-0.1974123057719249,0.14781705733264552,19.112734445540763,-0.1073813126254807,-0.30806676062707067,,,,,,,,
5,y,164.0,-0.04243578382743775,-0.0004132732589733546,-0.04202251056846439,0.04755664044039691,0.002261634049977195,-0.27451923157233404,-0.1844720132823747,0.1570259074445768,22.193305527818637,-0.09450461452193366,-0.3444557676767261,,,,,,,,
5,y,165.0,-0.006985863799843166,-0.00041107421220211947,-0.006574789587641046,0.047486076387512566,0.0022549274506806784,-0.2694799885900963,-0.1842994010836988,0.16046091571532015,20.668888437628862,-0.10581182210570887,-0.3274218272366291,,,,,,,,
5,y,166.0,0.08432297733123822,-0.000405197627307361,0.08472817495854558,0.048143636797795104,0.002317809764118011,-0.26858624317317076,-0.19956195687163436,0.19411764066375736,17.131557356511014,-0.08395912996079856,-0.37351079910030505,,,,,,,,
5,y,167.0,-0.03140513659724079,-0.0003968182699460491,-0.031008318327294743,0.04825069176379122,0.0023281292556843903,-0.2758344472844607,-0.1989103378152384,0.19935870240493717,19.804797434049487,-0.06536373677182307,-0.397628137661125,,,,,,,,
5,y,168.0,-0.07441626661197734,-0.00038417034616639706,-0.07403209626581095,0.04878614581495907,0.002380088023478448,-0.2591615474259036,-0.21939809531926882,0.19562649533477128,33.54407258305637,-0.042051320732115,-0.4605862990322565,,,,,,,,
5,y,169.0,-0.028856221375867998,-0.00036836264684971074,-0.028487858729018288,0.048584579524719625,0.0023604613675938056,-0.2525628545477382,-0.2034526587661739,0.18496126761926077,29.384696197107598,-0.04684738322948216,-0.42905014184780427,,,,,,,,
5,y,170.0,0.03192730498527488,-0.00034952442698738375,0.032276829412262266,0.048651200638001185,0.0023669393235190473,-0.25268511070200295,-0.21053424495653275,0.1811914939990423,22.88462026047729,-0.07533998472931054,-0.4392193187420041,,,,,,,,
5,y,171.0,-0.06274430347969949,-0.000326574772035248,-0.06241772870766424,0.04867464408856003,0.002369220977147992,-0.26276406731045765,-0.2067736570371892,0.19988197822163478,56.89794905039983,-0.03952327739677221,-0.4471004748632429,,,,,,,,
5,y,172.0,0.007018575013865449,-0.00029984322460189985,0.0073184182384673484,0.048673685225443124,0.0023691276334255203,-0.2634575440646801,-0.20505070717257842,0.19985316585109583,60.08913484946586,-0.03918171495550156,-0.44691330674845176,,,,,,,,
5,y,173.0,0.012254383468816295,-0.00027062423869867125,0.012525007707514966,0.04866391171834016,0.002368176303730405,-0.2627738556410658,-0.20527995076395722,0.20407885583512514,65.87298343949551,-0.037383385034510414,-0.4449708293109412,,,,,,,,
5,y,174.0,0.01123102330188133,-0.00023691423086621752,0.011467937532747548,0.04867747058623696,0.0023694961426739647,-0.2628007507431876,-0.2058237629006516,0.19956301561953937,56.74641772250001,-0.04711578797887268,-0.4473100200157664,,,,,,,,
5,y,175.0,0.003607807203739379,-0.00019983991725855746,0.0038076471209979364,0.04859825262325906,0.002361790158034106,-0.2677009956199463,-0.20456732469007424,0.2037477801212464,42.6225918344434,-0.06561167467542232,-0.42963450603414804,,,,,,,,
5,y,176.0,-0.03991386481643942,-0.0001608569668871986,-0.03975300784955223,0.04864050458629974,0.002365898686409846,-0.266480179792816,-0.20243052922153285,0.20049038539875808,46.44146017554546,-0.06398024396874868,-0.4370593115306483,,,,,,,,
5,y,177.0,-0.025533566894218353,-0.00011747523359566323,-0.02541609166062269,0.048690534636983245,0.0023707681632352652,-0.2630423263247127,-0.20234481009296013,0.19779848273135156,76.01586879234449,-0.042100406920840175,-0.4489263643113448,,,,,,,,
5,y,178.0,-0.007002146295998318,-7.049086731939936e-05,-0.006931655428678918,0.04860509647612785,0.002362455403453696,-0.2618421198330037,-0.2060356743686716,0.2118356186684494,194.97348068951538,-0.022208953170631637,-0.432689605484483,,,,,,,,
5,y,179.0,0.0036181050436090443,-2.1872857257467253e-05,0.0036399779008665116,0.04860407874846426,0.002362356470986915,-0.2618244108893358,-0.21161931267682682,0.2118862258600761,154.63289867308123,-0.02851248890014653,-0.4322494699871029,2.709111418193306e-21,1.0,1.32077060018881e-18,0.0014328670521353928,"{'sigma': 0.083275659548975, 'lam': -3.1415926535897873}","{'sigma': 0.026919465121941544, 'mu': -0.4928516816993209, 'w0': 2.13354840959498, 'delta': 3.32538108160918e-10, 'psi': 0.1}",{'sigma': 0.02469151477637876},0.0002388111753558988
5,y,180.0,0.03868073279132872,3.1010463978947944e-05,0.03864972232734977,0.048633143004335515,0.0023651825984801486,-0.25168483706605593,-0.21841692498732307,0.2116008231164519,153.453007335223,-0.029385246460047965,-0.43698971656318975,,,,,,,,
5,y,181.0,-0.017368676916251057,8.648097513516169e-05,-0.017455157891386217,0.04790204535903631,0.0022946059495791726,-0.2454548564887593,-0.23206687782197502,0.21586009451856653,49.57385399641067,-0.01734002577142648,-0.3773794303725394,,,,,,,,
5,y,182.0,-0.021416912513638038,0.00014450411174719244,-0.02156141662538523,0.04782459415342272,0.002287191805939594,-0.24057296079607687,-0.23559137291764892,0.2128606051064912,126.49359238262551,0.013461689858877064,-0.3622933101021331,,,,,,,,
5,y,183.0,0.012101196058949118,0.00020540427586526874,0.011895791783083849,0.04777256347860319,0.002282217821317171,-0.24154728467967415,-0.23452069488517643,0.22441191870374066,65.96743975589408,-0.009010687997171512,-0.3512617994339021,,,,,,,,
5,y,184.0,-0.09258369616412097,0.000269163418871768,-0.09285285958299275,0.04866019239602068,0.0023678143240177486,-0.24236661764885292,-0.22429008479744617,0.2287329590907304,-195.0842462467134,-0.020134137005633136,-0.4094760522531734,,,,,,,,
5,y,185.0,0.02974547407360395,0.0003339348615905586,0.029411539212013393,0.048710155709987865,0.0023726792692912633,-0.2584602931170384,-0.21891379467097247,0.22423441344939904,-261.03621689495975,-0.024202019184545485,-0.41901605478986753,,,,,,,,
5,y,186.0,-0.1171199106952715,0.0004014447455981524,-0.11752135544086965,0.04960435379904542,0.0024605919158208716,-0.2554588796158639,-0.17000609426249852,0.21664777224502177,-24.195724056651876,-0.06822944312704006,-0.3367723575193801,,,,,,,,
5,y,187.0,0.019029254811596626,0.00047220317268274184,0.018557051638913885,0.049401064989029686,0.0024404652220503345,-0.2566484396813561,-0.16976820576799523,0.20947223025578765,-36.01024229729283,-0.10187848923514724,-0.29640945404893204,,,,,,,,
5,y,188.0,0.0060551040098174545,0.0005432867843969697,0.005511817225420485,0.04938711326502304,0.002439086956652215,-0.2552741110977313,-0.16995300864248625,0.2108817486532458,-33.807016171525945,-0.09829523862317546,-0.29383817459872935,,,,,,,,
5,y,189.0,0.054619743592419584,0.0006162151375454962,0.054003528454874085,0.04969628114674144,0.002469720359815969,-0.2512799147265232,-0.16442708852065288,0.18150547607644113,-60.32562617698671,-0.12218240765085023,-0.3394801939610867,,,,,,,,
5,y,190.0,-0.03827296890360701,0.0006914248833495826,-0.0389643937869566,0.04980437051167562,0.002480475322064264,-0.25677047220380855,-0.17199180600208902,0.182749698763238,-35.75480068914965,-0.09264847719601732,-0.3650726516111826,,,,,,,,
5,y,191.0,-0.07307144281406613,0.0007675031023669612,-0.0738389459164331,0.050303089117732916,0.00253040077478658,-0.2417755348903928,-0.1891157601685867,0.18250807675443445,-25.034091940235683,-0.08340287284625487,-0.4325941284033031,,,,,,,,
5,y,192.0,0.026922199655964266,0.0008437043133641777,0.026078495342600087,0.04989939531846584,0.002489949653148531,-0.2363226023005846,-0.2117774763585247,0.18240234853400625,-20.477188053167616,-0.08635067006902677,-0.38785464460169294,,,,,,,,
5,y,193.0,0.04536760903906891,0.0009215549677018084,0.044446054071367105,0.04984796688432389,0.002484819802500651,-0.22014474372559834,-0.21840040547033512,0.17676340467023982,-34.0722651333402,-0.127132775318589,-0.37216817361022747,,,,,,,,
5,y,194.0,-0.0012793913113258257,0.0009994863440049438,-0.0022788776553307696,0.04953821358494279,0.002454034605187411,-0.226601269717894,-0.2213443803894634,0.16724120060465003,-24.375944424962835,-0.10960840799093516,-0.32555189398530904,,,,,,,,
5,y,195.0,0.0446638373945348,0.0010775543803365358,0.043586283014198264,0.04968959772411093,0.0024690561219839705,-0.22670438878091698,-0.2153278184175057,0.18802709776822304,-26.956169385762163,-0.11441280776330409,-0.34987683380922524,,,,,,,,
5,y,196.0,-0.03228061747213512,0.0011568444343306946,-0.033437461906465814,0.049778203786563134,0.002477869572216608,-0.23311683252885598,-0.21631717427771108,0.17998901178547846,-22.12810104999819,-0.09236223207485819,-0.3711759637204318,,,,,,,,
5,y,197.0,0.030204223952943095,0.0012348008513414924,0.028969423101601603,0.04972925422508606,0.0024729987257832396,-0.22528356133320776,-0.22466015998232938,0.17269588137590208,-21.31262747064209,-0.09058613655974318,-0.36310333303209086,,,,,,,,
5,y,198.0,0.06979479662793009,0.0013120950358695316,0.06848270159206056,0.04908929878496324,0.002409759255199393,-0.18665623691102123,-0.21449975447849423,0.18601473447488923,-84.52512436774575,-0.0711632134265805,-0.3933683126441192,,,,,,,,
5,y,199.0,-0.05998614034407261,0.0013906496766475157,-0.06137679002072013,0.04886222857336189,0.0023875173811554636,-0.22093297003538453,-0.22143735140823656,0.18124121890225942,-25.11567709501796,-0.0440026743597008,-0.387936279959822,0.002537651872543718,0.10756164818639062,0.8899006999410657,0.0014206567211962264,"{'sigma': 0.07929246906638396, 'lam': -3.141592653589781}","{'sigma': 0.12894619978581345, 'mu': -0.9999926258887607, 'w0': 6.328954843591884, 'delta': 1.999999996805414, 'psi': 0.1}",{'sigma': 0.023456420036492547},0.00023677612019937106
5,y,200.0,0.03733421235003715,0.0014685474525332166,0.03586566489750393,0.04874629603019023,0.002376201376662939,-0.22843979603096076,-0.21767559149845978,0.1982864486194797,-23.410159265841177,-0.0431873871695689,-0.3712888274463197,,,,,,,,
5,y,201.0,0.0870940280425904,0.0015434095371783143,0.08555061850541208,0.04953554130710677,0.0024537698525880815,-0.20964228451302622,-0.23646325939288168,0.22063231080232362,-42.820212024419604,-0.04062829982421166,-0.4314271446235952,,,,,,,,
5,y,202.0,-0.05530186634120933,0.0016175107318822223,-0.056919377073091554,0.049666234371253754,0.0024667348366203077,-0.21840959730118942,-0.24952930664219308,0.24718708604416414,-23.37346170137727,-0.0009877951282884394,-0.45038560323930266,,,,,,,,
5,y,203.0,0.060889956321791214,0.0016910260037799705,0.059198930318011246,0.04981580242678421,0.0024816141714244,-0.2249743501856691,-0.23899761319806595,0.25425098668929275,-47.93509868749842,-0.039480777294745806,-0.46455338884492636,,,,,,,,
5,y,204.0,0.06104882152972134,0.001762014835214215,0.05928680669450712,0.050111795612629566,0.00251119205952196,-0.20077594861519477,-0.24883452511171975,0.2682111532098484,-70.0903068436101,-0.042222716338508,-0.5027572779726351,,,,,,,,
5,y,205.0,-0.07954970893885867,0.0018311558406339799,-0.08138086477949265,0.05024340029887592,0.0025243992735930845,-0.220789383351865,-0.25988321159686645,0.2747772296745805,-62.27909353186033,-0.04871782005157971,-0.5048082478675411,,,,,,,,
5,y,206.0,0.06654036417176488,0.0018985023534979365,0.06464186181826695,0.050669388990142096,0.0025673869806343333,-0.23659147722229804,-0.24148481138865274,0.2904365238451376,-664.9499436990712,-0.06901215045781259,-0.5569186326786566,,,,,,,,
5,y,207.0,0.09096013777608587,0.001962915510608476,0.08899722226547739,0.051409510634179915,0.002642937783645858,-0.20576273155132668,-0.2590627487490155,0.3033537642118698,87.16172972677832,-0.05208490472396193,-0.5991095072863507,,,,,,,,
5,y,208.0,-0.13126001414572472,0.0020251804653339906,-0.1332851946110587,0.05300041707415709,0.0028090442100346027,-0.26132506105231745,-0.2790318142600855,0.3393996445717381,-133.99066741068074,-0.15162477769795615,-0.47229121718852746,,,,,,,,
5,y,209.0,-0.026988311191107454,0.002085320549623686,-0.02907363174073114,0.05186849119129733,0.0026903403784616885,-0.23082560273534464,-0.2711509566970773,0.3161317436975827,117.93025946644006,-0.10989391706839614,-0.4598382841275608,,,,,,,,
5,y,210.0,0.04883708429681109,0.0021417100262849883,0.046695374270526106,0.0519834073922717,0.0027022746441108876,-0.24184642020854671,-0.28045782947528225,0.3303463561021639,87.98608436206733,-0.11283866705912862,-0.47615708931355755,,,,,,,,
5,y,211.0,0.0143663082801101,0.002194552225436294,0.012171756054673806,0.05177618574133967,0.002680773409921706,-0.23146040660720693,-0.2778752206411479,0.3123193518383617,217.1192937063151,-0.10113728978391893,-0.4448142241475352,,,,,,,,
5,y,212.0,-0.08584482332501914,0.0022454627051316485,-0.08809028603015079,0.05226725120744506,0.0027318655487821673,-0.23878549728691673,-0.28752769608385803,0.32838150786401354,-422.15902623212594,-0.11595912796103798,-0.47138171024987585,,,,,,,,
5,y,213.0,-0.07186365288881999,0.002292116773401129,-0.07415576966222112,0.05271711660883956,0.002779094383549988,-0.20855584642267855,-0.28470279512574603,0.30891046757322616,-89.19400708153583,-0.11222459779873539,-0.5247077442962929,,,,,,,,
5,y,214.0,0.04033368805418371,0.0023345094293885714,0.03799917862479514,0.05284838263712362,0.002792951547359829,-0.21938759141245068,-0.2918282430457423,0.3116644085229432,-165.18353387754792,-0.12274633658815957,-0.5445001015007905,,,,,,,,
5,y,215.0,0.041656795839048466,0.0023743626136522905,0.03928243322539617,0.05279890565866688,0.0027877244387528055,-0.20826441370203427,-0.29502784058884607,0.28349432917171025,-141.18219756754362,-0.12197384499276823,-0.5381976533249947,,,,,,,,
5,y,216.0,-0.040775074944831756,0.0024102811566402782,-0.04318535610147203,0.05287417627711538,0.0027956785169834706,-0.2176330743343658,-0.2940009917918822,0.2920556288241658,-111.48213941465447,-0.11831504850252048,-0.5507387961709859,,,,,,,,
5,y,217.0,0.030398798517601175,0.002441459844720736,0.027957338672880437,0.05285428232160493,0.00279357515973192,-0.21413698599371286,-0.2883811132422567,0.2920744548318298,370.2664234943953,-0.14976995589124503,-0.5410023265203748,,,,,,,,
5,y,218.0,0.11334229154422444,0.0024694881892869053,0.11087280335493753,0.05328132812995733,0.0028388999272921825,-0.20142614432252579,-0.29123742993163304,0.29112055438640005,141.88310705807,-0.11290137455479714,-0.49845438597038655,,,,,,,,
5,y,219.0,-0.04258637180159104,0.0024933073310201706,-0.04507967913261121,0.053468348046548944,0.002858864242826894,-0.213984335948825,-0.29639621993784204,0.3009802690716532,-580.8506132075429,-0.0904803142803997,-0.533142885343002,1.416868849759991e-19,1.0,1.7613676881941546e-17,0.0006987269193260934,"{'sigma': 0.08190004582713152, 'lam': -3.1415923521117675}","{'sigma': 0.019237304950593614, 'mu': -0.31170405443632554, 'w0': 2.125388455090479, 'delta': 0.776025727524499, 'psi': 0.1}",{'sigma': 0.024215305974657077},0.00029945439399689706
5,y,220.0,-0.020609744106109475,0.002511688121528366,-0.02312143222763784,0.05339288492231735,0.0028508001603278236,-0.20471724239970238,-0.31372228559688464,0.2992535387804034,979.3302703547137,-0.09628152572443711,-0.5195471454644909,,,,,,,,
5,y,221.0,0.02640754770112222,0.0025270318566612297,0.02388051584446099,0.05324091341346746,0.002834594861100339,-0.19557696145348513,-0.318454633725588,0.29159682212368454,-335.69342019193755,-0.09026818373241281,-0.4977117869447135,,,,,,,,
5,y,222.0,-0.0018452341981634855,0.00253799211242754,-0.004383226310591026,0.05258475517387925,0.0027651564766968204,-0.1963350186621608,-0.2969142644766266,0.26959353455055296,81.69633621124406,-0.0997610394978721,-0.4262893931578453,,,,,,,,
5,y,223.0,0.07568957097665295,0.0025431392198083623,0.07314643175684458,0.05308894262719877,0.0028184358292740025,-0.20145457944793535,-0.2900369748805671,0.26147827648471816,40.024819592160505,-0.10861293064443596,-0.48269074229726366,,,,,,,,
5,y,224.0,-0.034919614787965327,0.0025454101941006706,-0.037465024982066,0.052268058434580635,0.002731949932520736,-0.1798904908342315,-0.2830938467053528,0.24740477836639208,-1594.3856362525896,-0.10771248663026266,-0.4667344117656653,,,,,,,,
5,y,225.0,-0.005322142748305108,0.002543391910319004,-0.007865534658624112,0.05135222844003954,0.0026370513657580055,-0.19297519117915798,-0.27351108477551267,0.26755204227645696,58.5370346973711,-0.0980765663706399,-0.4044715325886089,,,,,,,,
5,y,226.0,0.06762334739412831,0.0025358242316976705,0.06508752316243065,0.051670070461216695,0.002669796181467098,-0.18982167554448684,-0.27679233641321543,0.27544005554378875,28.10789839599653,-0.1299588237152955,-0.4366424503074972,,,,,,,,
5,y,227.0,0.10250723112485192,0.0025245188441023656,0.09998271228074956,0.052467655465114775,0.0027528548700059886,-0.1676354037263109,-0.26676945111912537,0.2583182602452984,21.400270335945493,-0.09429266782467045,-0.4587183578213787,,,,,,,,
5,y,228.0,-0.11149916839912512,0.0025092951623321893,-0.1140084635614573,0.053588410874173535,0.0028717177800192404,-0.19348041089545634,-0.2849066271260819,0.2505949928046232,57.167461325990985,-0.10831151191667097,-0.4596288122312901,,,,,,,,
5,y,229.0,0.04563734018711821,0.0024886904289934918,0.04314864975812471,0.053164300335060866,0.0028264428301165525,-0.21159636313422342,-0.25489378362696574,0.2577438557136487,24.513213512142002,-0.14217219218014424,-0.411131498763262,,,,,,,,
5,y,230.0,-0.003877087628088241,0.0024644593113530844,-0.006341546939441325,0.053152969345762524,0.0028252381502715707,-0.21076683291752255,-0.24627991762304685,0.25295488205168065,23.71986235488908,-0.14537994505523716,-0.4082464676091208,,,,,,,,
5,y,231.0,-0.04059092432440516,0.0024363043874220166,-0.04302722871182718,0.05315229810151752,0.002825166793472583,-0.20782236123092515,-0.2587498645207374,0.27599401328338463,38.64058587227923,-0.1063730276958922,-0.4168402731393871,,,,,,,,
5,y,232.0,0.04847867080551213,0.0024030273043762172,0.04607564350113591,0.05333433648737817,0.0028445514485488784,-0.2125069620596187,-0.2630785608141613,0.28230112385396594,27.2530108437594,-0.13123297842062842,-0.44243952454548624,,,,,,,,
5,y,233.0,-0.014016901833777066,0.002367233609853141,-0.016384135443630207,0.053227956640755074,0.0028332153681501025,-0.20832980781609525,-0.2634566419867444,0.29260290763527486,37.36813941759588,-0.10438664087073493,-0.4288379006945439,,,,,,,,
5,y,234.0,0.06814994373345062,0.002326732129697353,0.06582321160375328,0.05329512455552144,0.0028403703013885444,-0.20721283813862737,-0.26506013906845494,0.294453099905695,19.91322369243241,-0.14256522904152263,-0.42313897712672227,,,,,,,,
5,y,235.0,-0.012501060316041703,0.0022817700793360297,-0.014782830395377733,0.05326911024411497,0.0028375981061996747,-0.2060109005432564,-0.2702638023778718,0.2875926798461651,23.19944020867057,-0.12111413435731512,-0.4223116205372864,,,,,,,,
5,y,236.0,-0.012682776731155443,0.002233799163030483,-0.014916575894185926,0.052992117560295204,0.0028081645235241474,-0.1957701276114504,-0.25745124841027295,0.279541854902866,19.538251405952668,-0.13406025857913406,-0.3757180358854217,,,,,,,,
5,y,237.0,0.0723452270837553,0.0021824772358243582,0.07016274984793094,0.053144456457091496,0.0028243332521196937,-0.22373790593751552,-0.250263205051071,0.2877559670702934,18.59135505841937,-0.13011806151968164,-0.3887685599419986,,,,,,,,
5,y,238.0,-0.026112621851429357,0.0021276648763187524,-0.028240286727748108,0.052242919365000355,0.0027293226237779292,-0.21227315469680513,-0.2635314128108436,0.2918886117460211,33.352626797698264,-0.13610691269035602,-0.362515557937212,,,,,,,,
5,y,239.0,-0.05139549832284388,0.0020694919393293015,-0.05346499026217318,0.052192213864304525,0.0027240271880573015,-0.2004637131986162,-0.27389610254908936,0.289575087032115,32.026866571221184,-0.13601120672608025,-0.35622270648567245,5.01162591110943e-16,0.9999999999999578,4.16919086529906e-14,0.0013253367400921524,"{'sigma': 0.08592188475453319, 'lam': -3.141592639348219}","{'sigma': 0.019849813643001424, 'mu': -0.3016459509363353, 'w0': 2.1176238871419546, 'delta': 0.8118025565508418, 'psi': 0.1}",{'sigma': 0.02543188899352182},0.000378667640026329
5,y,240.0,0.007334597023420696,0.0020086955559545866,0.005325901467466109,0.05212062945680178,0.0027165600149732334,-0.20141112717394738,-0.2719839358026839,0.2902575162719023,36.756676840081084,-0.1246628249876044,-0.344383342476616,,,,,,,,
5,y,241.0,0.003089092624040455,0.0019448201803194355,0.0011442724437210196,0.05211532220303697,0.002716006808326358,-0.20093286928207812,-0.27031318102830393,0.28992294150949904,38.10826821437405,-0.12079121459139909,-0.3439257963489054,,,,,,,,
5,y,242.0,-0.05547267196624325,0.0018775585800086844,-0.057350230546251935,0.05236598596306999,0.002742196485884443,-0.20172703877745524,-0.270526745714956,0.297329195418013,48.62097916971843,-0.11351081234635975,-0.38408698655010853,,,,,,,,
5,y,243.0,0.008794876845528947,0.0018081886887281113,0.006986688156800836,0.05234869901466824,0.002740386288528327,-0.2022428898312259,-0.27146610125348714,0.29826393101628373,39.91497922837111,-0.12612189062046297,-0.37849534119999106,,,,,,,,
5,y,244.0,0.016696440202184283,0.001737125157113885,0.014959315045070398,0.052367111927348754,0.002742314411611472,-0.20208550161380665,-0.27264473591636007,0.305690435716692,34.461485820645734,-0.13698097190884495,-0.38023951473337947,,,,,,,,
5,y,245.0,-0.09865037546153088,0.001662556445475982,-0.10031293190700687,0.05331395285146981,0.002842377568648746,-0.20317170537355334,-0.2702994352805582,0.3262590716497035,80.71592571082931,-0.14906893774736552,-0.4427080183809876,,,,,,,,
5,y,246.0,0.095212289178423,0.001586547247215617,0.09362574193120739,0.054124919281060245,0.002929506887181287,-0.23778366112501564,-0.26630815752389403,0.32317474231536314,36.19832066926359,-0.13490047521853096,-0.49329626908275703,,,,,,,,
5,y,247.0,0.05892567400388214,0.0015092935829490108,0.05741638042093313,0.05350658431832005,0.0028629545654134925,-0.24504669182690622,-0.2855994544962035,0.331135931268078,49.116440822460575,-0.1685538489645292,-0.48935854651734206,,,,,,,,
5,y,248.0,-0.08750792544370424,0.001429146431417021,-0.08893707187512126,0.05375506646616159,0.002889607170781451,-0.2603575273753795,-0.30901421137565205,0.35435724493918486,-108.90498468080429,-0.14548383648423857,-0.5127241486335126,,,,,,,,
5,y,249.0,0.07702145995494963,0.0013483118071944543,0.07567314814775518,0.054307449140931906,0.0029492990321949054,-0.2775693768478655,-0.28823526160168494,0.37184670126295283,183.3805604244303,-0.15511681135614883,-0.5642232005928269,,,,,,,,
5,y,250.0,-0.02440928612238842,0.0012666590926076484,-0.025675945214996068,0.05436393580421479,0.002955437516124786,-0.28095035008550295,-0.2770558275422845,0.365406424534039,644.0626207292801,-0.14290997781719,-0.5768288895022985,,,,,,,,
5,y,251.0,-0.061723713079015106,0.0011837240647324578,-0.06290743714374757,0.05471320961410068,0.0029935353062765188,-0.27492787822249043,-0.28918766790394645,0.37686657131263596,-98.27907670575365,-0.11846672049902157,-0.6297406171838116,,,,,,,,
5,y,252.0,0.1330583118294458,0.0010998107542880933,0.13195850107515772,0.05618760554053806,0.0031570470163791034,-0.2874326339175314,-0.29174219860412287,0.40396477686079724,142.473777470871,-0.02544486198693629,-0.5374211042540018,,,,,,,,
5,y,253.0,-0.003788236200193305,0.00101571958215788,-0.004803955782351185,0.05594738710735334,0.0031301101241400474,-0.2829058322018614,-0.2981744905906812,0.3964197185077239,63.417853519488126,-0.043710214416181045,-0.4999116654783033,,,,,,,,
5,y,254.0,-0.045938086597787024,0.0009310569704109903,-0.04686914356819801,0.05614011294760668,0.003151712281770035,-0.2825346493690489,-0.31245045198793664,0.40597561127547754,120.79676312966821,-0.0257334954655691,-0.5314414760199818,,,,,,,,
5,y,255.0,0.1005919254521748,0.0008461669859913356,0.09974575846618346,0.056869083025674526,0.003234092604181063,-0.3057134898715452,-0.30286051744925513,0.4344715379339091,29.97649489593586,-0.040403196085670626,-0.5586458634954445,,,,,,,,
5,y,256.0,0.012250705965302333,0.0007616900527927689,0.011489015912509564,0.05634591807751503,0.0031748624839980353,-0.2859421588881829,-0.30198844851382556,0.4293505389341513,20.239013696266046,-0.06293688423485051,-0.4977532096918843,,,,,,,,
5,y,257.0,-0.06255060618515469,0.0006781958828069702,-0.06322880206796166,0.056293128799344117,0.003168916350019546,-0.2923693042359518,-0.30974456197361666,0.4319879865594256,38.37726054779047,-0.024755746938129066,-0.49786579201362846,,,,,,,,
5,y,258.0,0.07012745131209333,0.0005943975597461518,0.06953305375234718,0.05669016947834921,0.0032137753154839565,-0.3008208773997846,-0.30731700694150843,0.44928557732665825,28.531477709085348,-0.033344330226961094,-0.5452602998211017,,,,,,,,
5,y,259.0,-0.11930445799629023,0.0005104895678104901,-0.11981494756410073,0.05782241947753685,0.003343432194236233,-0.3149539896129773,-0.2834813084192046,0.43138872944142925,48.38869075987878,-0.07896087288127353,-0.5444153946584224,3.892319306602129e-17,0.9999999999999971,2.9712110245731093e-15,0.001547451806206953,"{'sigma': 0.08672702564604481, 'lam': -3.1415924922761587}","{'sigma': 0.01900758807213343, 'mu': -0.27311201570721855, 'w0': 2.125255745254122, 'delta': 0.9429574427435353, 'psi': 0.1}",{'sigma': 0.025791557702416458},0.00044212908748770055
5,y,260.0,0.0026348960227640847,0.0004291677054809376,0.0022057283172831474,0.05773795052308448,0.0033336709306061516,-0.3056170492302758,-0.27771873300195543,0.4253889363935244,63.08907704341172,-0.0656403773796306,-0.531885761691053,,,,,,,,
5,y,261.0,0.03561442360538281,0.0003484830741735266,0.03526594053120929,0.057590973453824586,0.0033167202233591285,-0.3156578560201259,-0.27439096359075626,0.4248722826637272,31.75177621370268,-0.10280841429159546,-0.5069843683684461,,,,,,,,
5,y,262.0,-0.11805908231004701,0.0002681878102499119,-0.11832727012029692,0.05859573118331685,0.003433459712907531,-0.3127745077126332,-0.277371117838036,0.4506503977994258,51.63504914045246,-0.1413666603798471,-0.5115161102098551,,,,,,,,
5,y,263.0,0.04932877575309772,0.0001903278420744859,0.04913844791102324,0.05823071711758146,0.0033908164160277947,-0.3164226570427563,-0.2718424949137373,0.43744516450032367,71.12871206911315,-0.14909499543074706,-0.4854321539561096,,,,,,,,
5,y,264.0,0.1055500906853364,0.00011378249043922912,0.10543630819489717,0.05902859469983077,0.0034843749922368896,-0.29655355329664795,-0.2918274792740789,0.438454080797059,25.681069368879225,-0.1565433329604612,-0.50285744684597,,,,,,,,
5,y,265.0,-0.034383508831155145,3.859425309967501e-05,-0.03442210308425482,0.059130468887823105,0.003496412350893816,-0.30328524596141493,-0.29636527626311715,0.4429621103463085,29.206734580993164,-0.1435196565750377,-0.5222334016684543,,,,,,,,
5,y,266.0,-0.08667197092470263,-3.4162351358754716e-05,-0.08663780857334388,0.059155560353063394,0.0034993803206849255,-0.28666352365729114,-0.3022034880640655,0.43615799612008593,188.03441806364543,-0.11734959946651916,-0.5385384447744739,,,,,,,,
5,y,267.0,0.11058330560134409,-0.00010534908757429658,0.11068865468891839,0.06011762762169248,0.003614129150860483,-0.3150826086282145,-0.3109514554768388,0.4592587636401769,34.66023638767715,-0.11667134471944032,-0.5632911690527718,,,,,,,,
5,y,268.0,-0.08503290199922292,-0.00017434380114900747,-0.08485855819807392,0.06026271230022999,0.0036315944937802907,-0.34204764261043735,-0.2792284082716321,0.4550314252967983,37.009185600465756,-0.12011344871930739,-0.5704217002491724,,,,,,,,
5,y,269.0,-0.05025545372821865,-0.00024015260190416224,-0.05001530112631449,0.060405067877440884,0.0036487722252782403,-0.32361631598447516,-0.2961308056023645,0.4621568595104321,42.70945604720419,-0.11321063848745343,-0.5912487356723349,,,,,,,,
5,y,270.0,0.15251979013213018,-0.00030398505794778687,0.15282377519007798,0.062228230257038386,0.0038723526409229878,-0.3298814794965795,-0.32029719718599364,0.48560608095971475,23.74896465429116,-0.012025418751910382,-0.48502208792432316,,,,,,,,
5,y,271.0,-0.11703578878756743,-0.0003655942572123338,-0.1166701945303551,0.06302118705881234,0.003971670018301815,-0.36120948732110064,-0.2974746093278828,0.5036697542863737,30.33751196623268,-0.04223287978190895,-0.4950876729896829,,,,,,,,
5,y,272.0,0.05413760048955982,-0.0004244144432539085,0.05456201493281373,0.06324720488651507,0.0040002089259568155,-0.36975333111579334,-0.26645915796018355,0.4927326149003349,24.817174264920713,-0.05832995340040362,-0.5249657136889627,,,,,,,,
5,y,273.0,0.11250613317782253,-0.00048072961516179916,0.11298686279298432,0.06421812892038213,0.0041239680820348195,-0.3483160215663607,-0.2905970100159001,0.5155190010198901,18.08429987199264,-0.049414002660662495,-0.5768620299330567,,,,,,,,
5,y,274.0,-0.16496188784205867,-0.0005341012262298264,-0.16442778661582885,0.06633784037640385,0.004400709065805236,-0.37585188586337526,-0.30127930505252953,0.5385974503658274,37.07859839286452,-0.12724071050640057,-0.4739060987502419,,,,,,,,
5,y,275.0,-0.03746994411910459,-0.0005842328127168759,-0.036885711306387715,0.06644219999331352,0.004414565939951472,-0.3494442507306871,-0.30625453092976274,0.5309253424401149,48.20462889299418,-0.10973343068242741,-0.4922832840342927,,,,,,,,
5,y,276.0,0.09894649530921122,-0.0006318133832658183,0.09957830869247704,0.0670558253286599,0.004496483710507748,-0.3567792567421502,-0.33168525391437886,0.544138844140224,24.23465005122651,-0.13456022804187062,-0.5266779457731754,,,,,,,,
5,y,277.0,0.04667930605806419,-0.0006760238220323649,0.04735532988009655,0.06715549699635855,0.0045098607768279215,-0.3428985293649698,-0.3344285201444536,0.5116133492088311,19.24739810113545,-0.16319135187998252,-0.5332091841245417,,,,,,,,
5,y,278.0,-0.12767598998859866,-0.0007169119540479864,-0.12695907803455067,0.06838239550290591,0.004676152014715847,-0.3487519111202713,-0.3525281907942073,0.5123295563123255,29.96165470308414,-0.1703085860718075,-0.5897248388614906,,,,,,,,
5,y,279.0,-0.06755246429514533,-0.0007552939096083125,-0.06679717038553702,0.0687172295776929,0.0047220576408333525,-0.3228674889915688,-0.3567396894556442,0.4900858806174308,43.751527073470804,-0.14636570171268945,-0.6348907321552516,4.272034783631114e-25,1.0,5.8457973860090926e-24,0.00317554161192045,"{'sigma': 0.10222869216047858, 'lam': -3.1415926532217044}","{'sigma': 0.013590645104963883, 'mu': -0.11166006096206471, 'w0': 2.1353158643431676, 'delta': 1.6519409377884864, 'psi': 0.1}",{'sigma': 0.030536231885392225},0.0009072976034058423
5,y,280.0,0.0984339499444057,-0.000790427670399105,0.0992243776148048,0.06932275270541446,0.004805644042656048,-0.3312465890874149,-0.37268177683267417,0.49358057769318037,31.973125771067345,-0.14112967586228994,-0.6715620436891183,,,,,,,,
5,y,281.0,-0.11580027231616714,-0.00082204156895249,-0.11497823074721465,0.07026367347519827,0.004936983810229281,-0.34811056562233295,-0.34921182068214873,0.5104492787150234,59.352292833731376,-0.13913471432744748,-0.7285231808343808,,,,,,,,
5,y,282.0,-0.06034840173015074,-0.0008515431926109948,-0.05949685853753975,0.07048310642186324,0.0049678682908757,-0.32776529345617,-0.36424584070162946,0.5166503579794246,88.71088318217127,-0.12725670777924764,-0.7555283388668071,,,,,,,,
5,y,283.0,0.11694260394275902,-0.0008777180882023626,0.11782032203096138,0.07145922740254267,0.005106421180968305,-0.3367743261328933,-0.38272610799372503,0.5384498047110099,38.774579164160215,-0.1208525087881605,-0.7941611064756151,,,,,,,,
5,y,284.0,0.00036683113772790045,-0.0009001948943267248,0.001267026032054625,0.07083246635304666,0.0050172382896554865,-0.33010473653950095,-0.41336157760386844,0.5394132883126491,25.548732771025264,-0.1410664810537224,-0.7375988764851841,,,,,,,,
5,y,285.0,-0.24094712885570732,-0.0009202459219661964,-0.24002688293374114,0.0747778227501863,0.00559172277525828,-0.3101562454402969,-0.4409646354139976,0.5362043297556116,1141.3088231543284,-0.35773681692820475,-0.0892918660472825,,,,,,,,
5,y,286.0,0.09071776903795846,-0.0009368231614217994,0.09165459219938026,0.07441339685500976,0.005537353631501178,-0.33151645580883515,-0.4429419662499479,0.567166097973588,34.70942220220879,-0.38966431788427036,-0.027782329211572452,,,,,,,,
5,y,287.0,0.051252973540164615,-0.0009504292795842165,0.052203402819748834,0.07456958442985494,0.005560622922041264,-0.31996045973011156,-0.4431157966344259,0.5678837337813767,30.237450305181834,-0.39782740506682335,-0.04368016120620564,,,,,,,,
5,y,288.0,-0.11233047626470899,-0.0009615400352055447,-0.11136893622950345,0.07541435185051995,0.005687324465034021,-0.32718241163363204,-0.4534923986747816,0.5831931566763913,58.81281503770875,-0.37154575280063745,-0.15005481146154737,,,,,,,,
5,y,289.0,0.10959755957061783,-0.0009696362909897209,0.11056719586160754,0.07603197820066686,0.00578086170910668,-0.33939957432066,-0.4336828348895599,0.5900414356266667,41.50090969663869,-0.3574301248132078,-0.1887610388317622,,,,,,,,
5,y,290.0,-0.003520792497147607,-0.0009748970841923473,-0.0025458954129552597,0.07592716165693415,0.005764933877278212,-0.34390614346769843,-0.4270781655989092,0.5931317612317903,34.83572521681736,-0.37212580734493944,-0.16620302492859942,,,,,,,,
5,y,291.0,-0.07818782532366957,-0.0009776530540372493,-0.07721017226963231,0.07596150115815119,0.005770149658199804,-0.34009671397137364,-0.43244669529664675,0.60141062589652,35.689256889095496,-0.3716584983483198,-0.17022561287998264,,,,,,,,
5,y,292.0,0.07062207570186398,-0.0009781735726590284,0.071600249274523,0.07624890817830177,0.0058138959983830936,-0.3491050854700159,-0.4311759309044594,0.605467847978734,29.721891174186762,-0.37794544423583093,-0.19713102778537908,,,,,,,,
5,y,293.0,0.053448354375814904,-0.0009760114959680159,0.05442436587178292,0.0763121832527037,0.0058235493127942305,-0.3405160354378337,-0.4396966831731828,0.6078343657223364,28.838187101973123,-0.37940761020162606,-0.20326215173254641,,,,,,,,
5,y,294.0,0.023416433177441822,-0.000971506542387956,0.024387939719829776,0.07634508692100704,0.005828572296976121,-0.3376839998193169,-0.4353926256997842,0.6017295300473107,26.387966561554503,-0.389334409189323,-0.2025694794415139,,,,,,,,
5,y,295.0,-0.02524131105996837,-0.0009649344023322356,-0.024276376657636135,0.07627205260515374,0.00581742600860334,-0.3366827665666476,-0.43945339773299974,0.5938559180689561,34.76191944371608,-0.3653181466868727,-0.20633755131821366,,,,,,,,
5,y,296.0,0.08974741886542155,-0.0009555644223417867,0.09070298328776334,0.07671182643960785,0.005884704315700517,-0.33708763049738105,-0.43077051798150506,0.5954317404051148,22.46710100697756,-0.39128820363788525,-0.22780852750503044,,,,,,,,
5,y,297.0,-0.006943393937233455,-0.0009445057949022507,-0.005998888142331204,0.07666930031687674,0.005878181611079436,-0.3405914231198273,-0.42890620162443327,0.5941769709946298,25.195873779104932,-0.37841889927392697,-0.22891974414661326,,,,,,,,
5,y,298.0,-0.1459135055838617,-0.0009320203484603182,-0.14498148523540139,0.07776556537771773,0.006047483158516089,-0.327806857844138,-0.4465726842052186,0.5855322209803093,87.78660109944907,-0.3547089366175119,-0.3008592788446503,,,,,,,,
5,y,299.0,0.0645740759193885,-0.0009170147448123424,0.06549109066420085,0.07778995622109815,0.006051277288880366,-0.3343509560565932,-0.4408468157732309,0.5868778369495546,36.49626237901252,-0.39309021820391027,-0.27808717574560105,8.729819079503736e-24,1.0,1.6496132826806147e-22,0.005622095198341864,"{'sigma': 0.1239885242725326, 'lam': -3.1415925122871013}","{'sigma': 0.0286860925900565, 'mu': -0.2594625434265847, 'w0': 1.9940991399019017, 'delta': 0.8708892223009657, 'psi': 0.1}",{'sigma': 0.036892798023048436},0.0009370158663903106
5,y,300.0,0.1109658823803899,-0.0009007929147624771,0.11186667529515237,0.07849997762353332,0.006162246486895233,-0.32508550019470517,-0.4538661408504784,0.5781316338021345,27.373209712377463,-0.38417531384222975,-0.32169879175452915,,,,,,,,
5,y,301.0,-0.1727841911018284,-0.0008831462700075263,-0.1719010448318209,0.07993972468744404,0.0063903595831043495,-0.3399731275266518,-0.47215702644870927,0.5921909915437005,297.19087972070986,-0.3830036425161508,-0.3466456933408729,,,,,,,,
5,y,302.0,0.07464698482158119,-0.000864024212905718,0.0755110090344869,0.08009414454666176,0.006415071990661548,-0.3474261151477329,-0.4483891748851574,0.5926486444349309,51.065046459820294,-0.41898396209160593,-0.3345248133457277,,,,,,,,
5,y,303.0,0.025224411594116446,-0.0008434200864840284,0.026067831680600475,0.07991813610958266,0.006386908479229781,-0.3500456246929463,-0.4404921369490355,0.5883962879993826,65.94898596941566,-0.4127768411168595,-0.3203476811247071,,,,,,,,
5,y,304.0,-0.122009493705558,-0.0008217243142201824,-0.12118776939133781,0.08060944703970252,0.006497882952046605,-0.34600680254004074,-0.4568468827715955,0.59757975701971,-130.27460125262039,-0.37308163736301436,-0.3997579940422477,,,,,,,,
5,y,305.0,0.06512958678211811,-0.0007998741545869534,0.06592946093670507,0.0804792577859958,0.0064769109337847654,-0.34809409623106013,-0.4457873459823376,0.5951782178724072,97.19396465326946,-0.41478400868245113,-0.358001194394838,,,,,,,,
5,y,306.0,0.07482912010395178,-0.0007761165804448516,0.07560523668439663,0.08057553647302589,0.006492417077915925,-0.3498759810040197,-0.44724002120111417,0.6007669481970137,88.45561595537941,-0.4142763444270931,-0.3648503685541779,,,,,,,,
5,y,307.0,-0.18951432654754385,-0.0007520411753585681,-0.18876228537218528,0.08225248110356273,0.006765470647691944,-0.34950863215096134,-0.45217047593530146,0.6110877696330065,-43.43182399126484,-0.42392803728505657,-0.363382809260173,,,,,,,,
5,y,308.0,0.16006059271935189,-0.0007276981233047104,0.16078829084265658,0.08278850909461767,0.006853937238109594,-0.38947639792326627,-0.4197086166274447,0.6250802526421478,81.21486535341117,-0.40475318877623895,-0.28532241570005096,,,,,,,,
5,y,309.0,0.11776066439652058,-0.0007030711164383832,0.11846373551295897,0.08357014217764663,0.006983968663592073,-0.34931172443924974,-0.4369229531866806,0.6295505199075894,33.87704894548975,-0.41798881325608284,-0.3174679241913823,,,,,,,,
5,y,310.0,-0.29130678093495077,-0.0006777567012605883,-0.2906290242336902,0.08840781838336416,0.007815942351305902,-0.3744346845206719,-0.46648351676716066,0.6635390173398477,-94.59705847321365,-0.6105874918764914,0.30087028987967124,,,,,,,,
5,y,311.0,0.029987234348957975,-0.0006524405983860935,0.03063967494734407,0.0884560841210294,0.00782447881802663,-0.36555156064385175,-0.45697698909397066,0.6571421435205134,-113.64369345492373,-0.6155209105329872,0.2989756280607656,,,,,,,,
5,y,312.0,0.17641066749460949,-0.0006270999358095053,0.177037767430419,0.08979415254390112,0.008062989831077385,-0.36234658621005406,-0.48685293697846543,0.6748771832149063,48.69025203146541,-0.5886860623363047,0.3260572699540525,,,,,,,,
5,y,313.0,-0.2127859453885217,-0.0006021470894374634,-0.21218379829908424,0.09199904662905,0.008463824580654115,-0.38966397574555883,-0.47998815336570944,0.6956343442882523,211.50730469842776,-0.6244887947192167,0.2755673289947363,,,,,,,,
5,y,314.0,0.10394194165510842,-0.000577601468835892,0.10451954312394432,0.0925164253535898,0.008559288960206354,-0.4054213933480071,-0.443861324273508,0.694346411216901,86.37908871933838,-0.6218922201946069,0.23638485979394108,,,,,,,,
5,y,315.0,0.10682362745844533,-0.0005529989879726083,0.10737662644641793,0.09305339255972725,0.008658933866874703,-0.3857945965346739,-0.457420864784979,0.6994151522609244,54.015405573441306,-0.6187398877009849,0.19702932202066936,,,,,,,,
5,y,316.0,-0.08363480061872429,-0.0005289783064858339,-0.08310582231223845,0.09333109841898213,0.008710693932093727,-0.39131609018527924,-0.46105596956974815,0.6977419163066227,72.11922892208278,-0.6066343007374311,0.1537273838831627,,,,,,,,
5,y,317.0,0.007514841011017242,-0.0005058451001245767,0.008020686111141819,0.0932938638104112,0.008703745024675552,-0.39692238091113363,-0.4562567052559087,0.6954767454393875,87.57662775278415,-0.6010677019104207,0.15345873911663785,,,,,,,,
5,y,318.0,0.16030493530391168,-0.00048328558886166556,0.16078822089277334,0.09402032927713948,0.008839822317381731,-0.3869702328765493,-0.46348671102360656,0.7027411575239708,61.25465594929857,-0.5691661968981127,0.13674973035112617,,,,,,,,
5,y,319.0,-0.211758855193573,-0.00046120724419955765,-0.21129764794937342,0.09628755623567663,0.00927129348583859,-0.41152441834259346,-0.4534631900562348,0.7031001356044226,-614.0172179882734,-0.586596417189069,0.052746473475749164,5.309647462027756e-32,1.0,6.365311329463467e-31,0.005406060714271452,"{'sigma': 0.14332807177019968, 'lam': -3.1415921526914614}","{'sigma': 0.028409865331809225, 'mu': -0.18967937522697098, 'w0': 2.020537993556091, 'delta': 1.1994184878052898, 'psi': 0.1}",{'sigma': 0.04291952301246501},0.0016634032966989071
5,y,320.0,0.000996651467586051,-0.00044094355523011195,0.0014375950228161629,0.09626066093283105,0.009266114843225466,-0.40137784876164484,-0.44668077589278066,0.7073798397777082,1624.7010665540831,-0.5947649952285567,0.06250968768231081,,,,,,,,
5,y,321.0,0.22897052462064207,-0.0004213052419442596,0.22939182986258633,0.09893825099093141,0.009788777509144541,-0.38994361779614195,-0.4783886307454122,0.7193274400421705,47.455175350352974,-0.48258064515844223,0.085138713533764,,,,,,,,
5,y,322.0,-0.19183540639087096,-0.0004029740244686766,-0.19143243236640228,0.10080633717246869,0.010161917614129441,-0.4174587984408423,-0.470399424369195,0.7309269355368244,544.9690045539022,-0.4720020568419397,-0.03783699801475984,,,,,,,,
5,y,323.0,-0.08515995246768511,-0.000385679638861475,-0.08477427282882363,0.10088428195413006,0.010177638345400412,-0.39101733715770487,-0.47614916542899344,0.7268312340913416,-70.86964411570648,-0.43302487667758166,-0.07471701312522751,,,,,,,,
5,y,324.0,0.1689757323414243,-0.0003701195857713737,0.16934585192719567,0.10225369820469339,0.010455818796536518,-0.39864408717298455,-0.49172202822184613,0.7440635974104242,166.14878759046763,-0.42911672149694374,-0.11583159536102025,,,,,,,,
5,y,325.0,0.026131638172845032,-0.00035601203440279816,0.02648765020724783,0.10228337741100642,0.01046188929460238,-0.38896188718134994,-0.49379789430714416,0.7285127453157376,109.9853995105625,-0.4388482487760761,-0.11317376712758989,,,,,,,,
5,y,326.0,-0.10013516653458793,-0.0003424630808354346,-0.09979270345375249,0.10256409704682712,0.010519394003030973,-0.39855352688590023,-0.4977477042707651,0.730075292181801,-137.18878907329952,-0.39829011036838596,-0.1657375729874442,,,,,,,,
5,y,327.0,0.1173509084116114,-0.000330841663272688,0.11768175007488409,0.10275506059883208,0.010558602478669651,-0.39867410847091106,-0.4982508971225077,0.7386505119416722,-171.49394008896255,-0.39525793241549756,-0.17555472062192742,,,,,,,,
5,y,328.0,-0.05590166862140201,-0.00032135433107786335,-0.055580314290324145,0.10226943821614747,0.010459037993046405,-0.3998306127661125,-0.4935938695950171,0.7363892117264648,-2367.290773493576,-0.40598969828174325,-0.1255543864759679,,,,,,,,
5,y,329.0,-0.13015915280009385,-0.0003127926186777426,-0.1298463601814161,0.10299020485051882,0.010606982295151831,-0.38937634650081465,-0.5000941730299714,0.7388553244148077,-57.17974146485561,-0.36744977107808496,-0.20861003680491685,,,,,,,,
5,y,330.0,0.16721632386068247,-0.0003060019228954408,0.1675223257835779,0.10437242965808333,0.010893604072731553,-0.40207477632675154,-0.5018157018715766,0.7430133621620684,-1156.713695349493,-0.35997055762174196,-0.26071514351651054,,,,,,,,
5,y,331.0,-0.09958508280609152,-0.00030101912900835416,-0.09928406367708316,0.10475681499988122,0.01097399028891934,-0.4092702489069435,-0.4847582987404593,0.7486613608578297,-154.0148554850683,-0.3476125830784088,-0.30170931379219523,,,,,,,,
5,y,332.0,-0.23236043617908939,-0.0002974365471339283,-0.23206299963195545,0.10716687443961781,0.01148473897715681,-0.37723439231389344,-0.5064985988317273,0.7537410471936754,-30.719476148702295,-0.3497795346563906,-0.3538400078254564,,,,,,,,
5,y,333.0,0.2712161644244604,-0.00029583441349803657,0.27151199883795846,0.11062807166762682,0.012238570240897577,-0.410402111775962,-0.5121773975453492,0.7607184607857683,-173.87957445131585,-0.23931186702154317,-0.24949572268544407,,,,,,,,
5,y,334.0,0.1039454972297539,,,,,,,,,,,,,,,,,,
5,y,335.0,-0.32722724516760926,,,,,,,,,,,,,,,,,,
5,y,336.0,0.18639009323653652,,,,,,,,,,,,,,,,,,
5,y,337.0,0.11061727531549576,,,,,,,,,,,,,,,,,,
5,y,338.0,-0.25257937791918966,,,,,,,,,,,,,,,,,,
5,y,339.0,0.11142478194096588,,,,,,,,,,,,,,,,,,
5,y,340.0,0.12846760971689625,,,,,,,,,,,,,,,,,,
5,y,341.0,-0.1595547966926412,,,,,,,,,,,,,,,,,,
5,y,342.0,-0.04391700398968793,,,,,,,,,,,,,,,,,,
5,y,343.0,0.12109454728675832,,,,,,,,,,,,,,,,,,
5,y,344.0,-0.10180977322059305,,,,,,,,,,,,,,,,,,
5,y,345.0,-0.047122539321011424,,,,,,,,,,,,,,,,,,
5,y,346.0,0.1149386196161344,,,,,,,,,,,,,,,,,,
5,y,347.0,-0.06345752460656072,,,,,,,,,,,,,,,,,,
5,y,348.0,-0.14055941597089736,,,,,,,,,,,,,,,,,,
5,y,349.0,0.24761102137431917,,,,,,,,,,,,,,,,,,
5,y,350.0,-0.0022580807075788436,,,,,,,,,,,,,,,,,,
5,y,351.0,-0.2934371414932997,,,,,,,,,,,,,,,,,,
5,y,352.0,0.2294834568849856,,,,,,,,,,,,,,,,,,
5,y,353.0,0.16318428186120182,,,,,,,,,,,,,,,,,,
5,y,354.0,-0.22827418334215877,,,,,,,,,,,,,,,,,,
5,y,355.0,0.05122073581067033,,,,,,,,,,,,,,,,,,
5,y,356.0,0.24974295050170095,,,,,,,,,,,,,,,,,,
5,y,357.0,-0.3058488489979712,,,,,,,,,,,,,,,,,,
5,y,358.0,0.09901936032047959,,,,,,,,,,,,,,,,,,
5,y,359.0,0.128925250467197,,,,,,,,,,,,,,,,,,
5,y,360.0,-0.27230722517861705,,,,,,,,,,,,,,,,,,
5,y,361.0,0.12881973738990843,,,,,,,,,,,,,,,,,,
5,y,362.0,0.23656932793240734,,,,,,,,,,,,,,,,,,
5,y,363.0,-0.34123375336332695,,,,,,,,,,,,,,,,,,
5,y,364.0,0.03405776343714782,,,,,,,,,,,,,,,,,,
5,y,365.0,0.30076084408144377,,,,,,,,,,,,,,,,,,
5,y,366.0,-0.2550794545962608,,,,,,,,,,,,,,,,,,
5,y,367.0,0.1133804946159039,,,,,,,,,,,,,,,,,,
5,y,368.0,0.23765578348956204,,,,,,,,,,,,,,,,,,
5,y,369.0,-0.33932105701083914,,,,,,,,,,,,,,,,,,
5,y,370.0,-0.04154477436036713,,,,,,,,,,,,,,,,,,
5,y,371.0,0.3824304219400887,,,,,,,,,,,,,,,,,,
5,y,372.0,-0.22211009762237302,,,,,,,,,,,,,,,,,,
5,y,373.0,-0.12445698071397168,,,,,,,,,,,,,,,,,,
5,y,374.0,0.30593745917498943,,,,,,,,,,,,,,,,,,
5,y,375.0,0.009885253364177001,,,,,,,,,,,,,,,,,,
5,y,376.0,-0.20610568041036603,,,,,,,,,,,,,,,,,,
5,y,377.0,0.2253845085461404,,,,,,,,,,,,,,,,,,
5,y,378.0,0.14592936407832618,,,,,,,,,,,,,,,,,,
5,y,379.0,-0.3086510591419537,,,,,,,,,,,,,,,,,,
5,y,380.0,0.08502060367676235,,,,,,,,,,,,,,,,,,
5,y,381.0,0.11852087802458319,,,,,,,,,,,,,,,,,,
5,y,382.0,-0.34067424982125716,,,,,,,,,,,,,,,,,,
5,y,383.0,0.26431102258648265,,,,,,,,,,,,,,,,,,
5,y,384.0,0.14945431804337797,,,,,,,,,,,,,,,,,,
5,y,385.0,-0.40812216425096715,,,,,,,,,,,,,,,,,,
5,y,386.0,0.261520473437643,,,,,,,,,,,,,,,,,,
5,y,387.0,0.27420422034501296,,,,,,,,,,,,,,,,,,
5,y,388.0,-0.43159331912339655,,,,,,,,,,,,,,,,,,
5,y,389.0,0.15057722557354264,,,,,,,,,,,,,,,,,,
5,y,390.0,0.3236753602134856,,,,,,,,,,,,,,,,,,
5,y,391.0,-0.35596184075532683,,,,,,,,,,,,,,,,,,
5,y,392.0,0.028153721205817987,,,,,,,,,,,,,,,,,,
5,y,393.0,0.3788693137685393,,,,,,,,,,,,,,,,,,
5,y,394.0,-0.33931108818228334,,,,,,,,,,,,,,,,,,
5,y,395.0,-0.07478346411084609,,,,,,,,,,,,,,,,,,
5,y,396.0,0.45286632389670134,,,,,,,,,,,,,,,,,,
5,y,397.0,-0.22463121638493133,,,,,,,,,,,,,,,,,,
5,y,398.0,-0.2289454718103836,,,,,,,,,,,,,,,,,,
5,y,399.0,0.40791713678992203,,,,,,,,,,,,,,,,,,
